1,2,0.538516
1,3,0.509902
1,4,0.648074
1,5,0.141421
1,6,0.616441
1,7,0.519615
1,8,0.173205
1,9,0.921954
1,10,0.469042
1,11,0.374166
1,12,0.374166
1,13,0.591608
1,14,0.994987
1,15,0.883176
1,16,1.104536
1,17,0.547723
1,18,0.100000
1,19,0.741620
1,20,0.331662
1,21,0.435890
1,22,0.300000
1,23,0.648074
1,24,0.469042
1,25,0.591608
1,26,0.547723
1,27,0.316228
1,28,0.141421
1,29,0.141421
1,30,0.538516
1,31,0.538516
1,32,0.387298
1,33,0.624500
1,34,0.806226
1,35,0.469042
1,36,0.374166
1,37,0.412311
1,38,0.469042
1,39,0.866025
1,40,0.141421
1,41,0.173205
1,42,1.349074
1,43,0.768115
1,44,0.458258
1,45,0.616441
1,46,0.591608
1,47,0.360555
1,48,0.583095
1,49,0.300000
1,50,0.223607
1,51,4.003748
1,52,3.616628
1,53,4.164133
1,54,3.093542
1,55,3.792097
1,56,3.416138
1,57,3.785499
1,58,2.345208
1,59,3.749667
1,60,2.887906
1,61,2.703701
1,62,3.228002
1,63,3.146427
1,64,3.700000
1,65,2.580698
1,66,3.627671
1,67,3.435113
1,68,3.009983
1,69,3.768289
1,70,2.882707
1,71,3.853570
1,72,3.075711
1,73,4.047221
1,74,3.657868
1,75,3.416138
1,76,3.597221
1,77,4.047221
1,78,4.244997
1,79,3.531289
1,80,2.493993
1,81,2.817801
1,82,2.701851
1,83,2.894823
1,84,4.135215
1,85,3.411744
1,86,3.519943
1,87,3.911521
1,88,3.618011
1,89,3.000000
1,90,3.021589
1,91,3.312099
1,92,3.595831
1,93,3.009983
1,94,2.387467
1,95,3.152777
1,96,3.074085
1,97,3.125700
1,98,3.345146
1,99,2.090454
1,100,3.057777
1,101,5.284884
1,102,4.208325
1,103,5.301886
1,104,4.690416
1,105,5.056679
1,106,6.095080
1,107,3.591657
1,108,5.636488
1,109,5.047772
1,110,5.639149
1,111,4.356604
1,112,4.519956
1,113,4.853864
1,114,4.190465
1,115,4.417013
1,116,4.626013
1,117,4.645428
1,118,6.240192
1,119,6.498461
1,120,4.141256
1,121,5.121523
1,122,4.028647
1,123,6.211280
1,124,4.109745
1,125,4.969909
1,126,5.312250
1,127,3.977436
1,128,4.007493
1,129,4.840455
1,130,5.097058
1,131,5.546170
1,132,6.014150
1,133,4.880574
1,134,4.160529
1,135,4.570558
1,136,5.788782
1,137,4.891830
1,138,4.606517
1,139,3.896152
1,140,4.796874
1,141,5.019960
1,142,4.636809
1,143,4.208325
1,144,5.257376
1,145,5.136146
1,146,4.654031
1,147,4.276681
1,148,4.459821
1,149,4.650806
1,150,4.140048
2,1,0.538516
2,3,0.300000
2,4,0.331662
2,5,0.608276
2,6,1.090871
2,7,0.509902
2,8,0.424264
2,9,0.509902
2,10,0.173205
2,11,0.866025
2,12,0.458258
2,13,0.141421
2,14,0.678233
2,15,1.360147
2,16,1.627882
2,17,1.053565
2,18,0.547723
2,19,1.174734
2,20,0.836660
2,21,0.707107
2,22,0.761577
2,23,0.781025
2,24,0.556776
2,25,0.648074
2,26,0.223607
2,27,0.500000
2,28,0.591608
2,29,0.500000
2,30,0.346410
2,31,0.244949
2,32,0.678233
2,33,1.148913
2,34,1.341641
2,35,0.173205
2,36,0.300000
2,37,0.787401
2,38,0.173205
2,39,0.509902
2,40,0.458258
2,41,0.529150
2,42,0.818535
2,43,0.547723
2,44,0.678233
2,45,0.984886
2,46,0.141421
2,47,0.848528
2,48,0.360555
2,49,0.812404
2,50,0.316228
2,51,4.096340
2,52,3.686462
2,53,4.236744
2,54,2.969848
2,55,3.811824
2,56,3.391165
2,57,3.860052
2,58,2.147091
2,59,3.788139
2,60,2.805352
2,61,2.461707
2,62,3.244996
2,63,3.041381
2,64,3.712142
2,65,2.559297
2,66,3.700000
2,67,3.433657
2,68,2.971532
2,69,3.691883
2,70,2.792848
2,71,3.893584
2,72,3.074085
2,73,4.018706
2,74,3.656501
2,75,3.446738
2,76,3.651027
2,77,4.080441
2,78,4.295346
2,79,3.538361
2,80,2.418677
2,81,2.700000
2,82,2.578759
2,83,2.854820
2,84,4.117038
2,85,3.398529
2,86,3.597221
2,87,3.978693
2,88,3.558089
2,89,2.998333
2,90,2.929164
2,91,3.243455
2,92,3.622154
2,93,2.954657
2,94,2.179449
2,95,3.103224
2,96,3.078961
2,97,3.114482
2,98,3.364521
2,99,1.913113
2,100,3.029851
2,101,5.338539
2,102,4.180909
2,103,5.357238
2,104,4.708503
2,105,5.091169
2,106,6.159545
2,107,3.479943
2,108,5.686827
2,109,5.040833
2,110,5.747173
2,111,4.419276
2,112,4.521062
2,113,4.902040
2,114,4.134005
2,115,4.402272
2,116,4.680812
2,117,4.682948
2,118,6.369458
2,119,6.531462
2,120,4.062019
2,121,5.190376
2,122,4.002499
2,123,6.261789
2,124,4.106093
2,125,5.042817
2,126,5.389805
2,127,3.981206
2,128,4.031129
2,129,4.851804
2,130,5.158488
2,131,5.591959
2,132,6.154673
2,133,4.891830
2,134,4.168933
2,135,4.547527
2,136,5.860034
2,137,4.959839
2,138,4.650806
2,139,3.915354
2,140,4.860041
2,141,5.072475
2,142,4.702127
2,143,4.180909
2,144,5.320714
2,145,5.206726
2,146,4.700000
2,147,4.249706
2,148,4.498889
2,149,4.718050
2,150,4.153312
3,1,0.509902
3,2,0.300000
3,4,0.244949
3,5,0.509902
3,6,1.086278
3,7,0.264575
3,8,0.412311
3,9,0.435890
3,10,0.316228
3,11,0.883176
3,12,0.374166
3,13,0.264575
3,14,0.500000
3,15,1.363818
3,16,1.587451
3,17,1.009950
3,18,0.519615
3,19,1.236932
3,20,0.754983
3,21,0.830662
3,22,0.700000
3,23,0.509902
3,24,0.648074
3,25,0.640312
3,26,0.469042
3,27,0.509902
3,28,0.616441
3,29,0.547723
3,30,0.300000
3,31,0.331662
3,32,0.781025
3,33,1.053565
3,34,1.284523
3,35,0.316228
3,36,0.316228
3,37,0.854400
3,38,0.316228
3,39,0.360555
3,40,0.489898
3,41,0.435890
3,42,0.927362
3,43,0.300000
3,44,0.655744
3,45,0.959166
3,46,0.264575
3,47,0.781025
3,48,0.141421
3,49,0.806226
3,50,0.331662
3,51,4.276681
3,52,3.849675
3,53,4.415880
3,54,3.154362
3,55,3.997499
3,56,3.551056
3,57,4.011234
3,58,2.306513
3,59,3.974921
3,60,2.949576
3,61,2.647640
3,62,3.402940
3,63,3.258834
3,64,3.879433
3,65,2.720294
3,66,3.880722
3,67,3.574913
3,68,3.152777
3,69,3.896152
3,70,2.978255
3,71,4.031129
3,72,3.258834
3,73,4.207137
3,74,3.831449
3,75,3.631804
3,76,3.834058
3,77,4.273172
3,78,4.469899
3,79,3.702702
3,80,2.615339
3,81,2.887906
3,82,2.771281
3,83,3.036445
3,84,4.282523
3,85,3.529873
3,86,3.732292
3,87,4.154516
3,88,3.766962
3,89,3.146427
3,90,3.103224
3,91,3.407345
3,92,3.785499
3,93,3.140064
3,94,2.353720
3,95,3.268027
3,96,3.232646
3,97,3.272614
3,98,3.542598
3,99,2.085665
3,100,3.195309
3,101,5.472659
3,102,4.334743
3,103,5.529014
3,104,4.868265
3,105,5.246904
3,106,6.336403
3,107,3.608324
3,108,5.866004
3,109,5.224940
3,110,5.894065
3,111,4.573839
3,112,4.693613
3,113,5.069517
3,114,4.291853
3,115,4.544227
3,116,4.827007
3,117,4.845617
3,118,6.520736
3,119,6.717887
3,120,4.250882
3,121,5.348832
3,122,4.143670
3,123,6.446705
3,124,4.281355
3,125,5.194228
3,126,5.558777
3,127,4.149699
3,128,4.185690
3,129,5.014978
3,130,5.338539
3,131,5.777543
3,132,6.312686
3,133,5.053712
3,134,4.341659
3,135,4.716991
3,136,6.040695
3,137,5.092151
3,138,4.806246
3,139,4.066940
3,140,5.026927
3,141,5.228767
3,142,4.868265
3,143,4.334743
3,144,5.475400
3,145,5.353504
3,146,4.864155
3,147,4.430576
3,148,4.661545
3,149,4.848711
3,150,4.298837
4,1,0.648074
4,2,0.331662
4,3,0.244949
4,5,0.648074
4,6,1.166190
4,7,0.331662
4,8,0.500000
4,9,0.300000
4,10,0.316228
4,11,1.000000
4,12,0.374166
4,13,0.264575
4,14,0.519615
4,15,1.529706
4,16,1.714643
4,17,1.166190
4,18,0.655744
4,19,1.322876
4,20,0.866025
4,21,0.877496
4,22,0.806226
4,23,0.707107
4,24,0.648074
4,25,0.538516
4,26,0.424264
4,27,0.547723
4,28,0.721110
4,29,0.678233
4,30,0.173205
4,31,0.223607
4,32,0.877496
4,33,1.170470
4,34,1.424781
4,35,0.316228
4,36,0.509902
4,37,1.004988
4,38,0.316228
4,39,0.300000
4,40,0.583095
4,41,0.608276
4,42,0.836660
4,43,0.300000
4,44,0.700000
4,45,0.969536
4,46,0.264575
4,47,0.866025
4,48,0.141421
4,49,0.921954
4,50,0.458258
4,51,4.177320
4,52,3.733631
4,53,4.305810
4,54,2.984962
4,55,3.872983
4,56,3.392639
4,57,3.889730
4,58,2.111871
4,59,3.854867
4,60,2.778489
4,61,2.451530
4,62,3.268027
4,63,3.108054
4,64,3.737646
4,65,2.580698
4,66,3.776242
4,67,3.420526
4,68,3.000000
4,69,3.749667
4,70,2.816026
4,71,3.892300
4,72,3.130495
4,73,4.062019
4,74,3.685105
4,75,3.511410
4,76,3.722902
4,77,4.154516
4,78,4.349713
4,79,3.562303
4,80,2.469818
4,81,2.720294
4,82,2.603843
4,83,2.891366
4,84,4.127953
4,85,3.367492
4,86,3.606938
4,87,4.042277
4,88,3.626293
4,89,2.996665
4,90,2.937686
4,91,3.235738
4,92,3.648287
4,93,2.989983
4,94,2.163331
4,95,3.108054
4,96,3.083829
4,97,3.122499
4,98,3.413210
4,99,1.915724
4,100,3.044667
4,101,5.335729
4,102,4.177320
4,103,5.406478
4,104,4.722288
4,105,5.109795
4,106,6.215304
4,107,3.420526
4,108,5.738467
4,109,5.081338
4,110,5.784462
4,111,4.451966
4,112,4.553021
4,113,4.945705
4,114,4.130375
4,115,4.396590
4,116,4.701064
4,117,4.709565
4,118,6.414047
4,119,6.590144
4,120,4.087787
4,121,5.229723
4,122,3.986226
4,123,6.322974
4,124,4.143670
4,125,5.069517
4,126,5.438750
4,127,4.012481
4,128,4.047221
4,129,4.873397
4,130,5.217279
4,131,5.655086
4,132,6.215304
4,133,4.913247
4,134,4.198809
4,135,4.555217
4,136,5.932116
4,137,4.962862
4,138,4.669047
4,139,3.926831
4,140,4.910193
4,141,5.104900
4,142,4.760252
4,143,4.177320
4,144,5.349766
4,145,5.232590
4,146,4.745524
4,147,4.288356
4,148,4.533211
4,149,4.719110
4,150,4.149699
5,1,0.141421
5,2,0.608276
5,3,0.509902
5,4,0.648074
5,6,0.616441
5,7,0.458258
5,8,0.223607
5,9,0.921954
5,10,0.529150
5,11,0.424264
5,12,0.346410
5,13,0.640312
5,14,0.974679
5,15,0.916515
5,16,1.086278
5,17,0.547723
5,18,0.173205
5,19,0.793725
5,20,0.264575
5,21,0.538516
5,22,0.264575
5,23,0.565685
5,24,0.529150
5,25,0.574456
5,26,0.632456
5,27,0.346410
5,28,0.244949
5,29,0.282843
5,30,0.538516
5,31,0.574456
5,32,0.500000
5,33,0.556776
5,34,0.781025
5,35,0.529150
5,36,0.447214
5,37,0.519615
5,38,0.529150
5,39,0.854400
5,40,0.244949
5,41,0.173205
5,42,1.400000
5,43,0.728011
5,44,0.458258
5,45,0.583095
5,46,0.640312
5,47,0.300000
5,48,0.565685
5,49,0.331662
5,50,0.300000
5,51,4.060788
5,52,3.663332
5,53,4.219005
5,54,3.148015
5,55,3.849675
5,56,3.456877
5,57,3.824918
5,58,2.387467
5,59,3.807887
5,60,2.922328
5,61,2.758623
5,62,3.271085
5,63,3.218695
5,64,3.745664
5,65,2.626785
5,66,3.685105
5,67,3.466987
5,68,3.062679
5,69,3.834058
5,70,2.937686
5,71,3.884585
5,72,3.133688
5,73,4.103657
5,74,3.706751
5,75,3.474191
5,76,3.655133
5,77,4.108528
5,78,4.296510
5,79,3.576311
5,80,2.557342
5,81,2.874022
5,82,2.760435
5,83,2.949576
5,84,4.178516
5,85,3.438023
5,86,3.551056
5,87,3.964846
5,88,3.686462
5,89,3.036445
5,90,3.070831
5,91,3.354102
5,92,3.640055
5,93,3.065942
5,94,2.437212
5,95,3.196873
5,96,3.112876
5,97,3.167018
5,98,3.398529
5,99,2.142429
5,100,3.103224
5,101,5.313191
5,102,4.246175
5,103,5.350701
5,104,4.730750
5,105,5.096077
5,106,6.145730
5,107,3.616628
5,108,5.687706
5,109,5.100980
5,110,5.676266
5,111,4.397727
5,112,4.568370
5,113,4.901020
5,114,4.230839
5,115,4.450843
5,116,4.662617
5,117,4.688283
5,118,6.278535
5,119,6.553625
5,120,4.196427
5,121,5.164301
5,122,4.060788
5,123,6.265780
5,124,4.160529
5,125,5.007994
5,126,5.359104
5,127,4.024922
5,128,4.047221
5,129,4.883646
5,130,5.149757
5,131,5.601785
5,132,6.057227
5,133,4.923413
5,134,4.208325
5,135,4.614109
5,136,5.843800
5,137,4.920366
5,138,4.645428
5,139,3.934463
5,140,4.844585
5,141,5.061620
5,142,4.686150
5,143,4.246175
5,144,5.297169
5,145,5.173007
5,146,4.701064
5,147,4.330127
5,148,4.504442
5,149,4.678675
5,150,4.173727
6,1,0.616441
6,2,1.090871
6,3,1.086278
6,4,1.166190
6,5,0.616441
6,7,0.994987
6,8,0.700000
6,9,1.459452
6,10,1.009950
6,11,0.346410
6,12,0.812404
6,13,1.161895
6,14,1.571623
6,15,0.678233
6,16,0.616441
6,17,0.400000
6,18,0.591608
6,19,0.331662
6,20,0.387298
6,21,0.538516
6,22,0.412311
6,23,1.122497
6,24,0.678233
6,25,0.830662
6,26,1.009950
6,27,0.648074
6,28,0.529150
6,29,0.648074
6,30,1.014889
6,31,1.024695
6,32,0.538516
6,33,0.458258
6,34,0.479583
6,35,1.009950
6,36,0.969536
6,37,0.608276
6,38,1.009950
6,39,1.417745
6,40,0.648074
6,41,0.700000
6,42,1.881489
6,43,1.300000
6,44,0.608276
6,45,0.374166
6,46,1.126943
6,47,0.387298
6,48,1.122497
6,49,0.360555
6,50,0.806226
6,51,3.612478
6,52,3.246537
6,53,3.786819
6,54,2.944486
6,55,3.469870
6,56,3.154362
6,57,3.407345
6,58,2.328089
6,59,3.414674
6,60,2.705550
6,61,2.714774
6,62,2.918904
6,63,2.983287
6,64,3.389690
6,65,2.336664
6,66,3.258834
6,67,3.146427
6,68,2.778489
6,69,3.546830
6,70,2.707397
6,71,3.508561
6,72,2.792848
6,73,3.770942
6,74,3.367492
6,75,3.093542
6,76,3.246537
6,77,3.712142
6,78,3.883298
6,79,3.226453
6,80,2.319483
6,81,2.675818
6,82,2.572936
6,83,2.660827
6,84,3.847077
6,85,3.140064
6,86,3.144837
6,87,3.541186
6,88,3.386739
6,89,2.723968
6,90,2.840775
6,91,3.103224
6,92,3.272614
6,93,2.789265
6,94,2.374868
6,95,2.922328
6,96,2.791057
6,97,2.854820
6,98,3.034798
6,99,2.056696
6,100,2.805352
6,101,4.906119
6,102,3.925557
6,103,4.922398
6,104,4.356604
6,105,4.697872
6,106,5.705261
6,107,3.426368
6,108,5.265928
6,109,4.734976
6,110,5.205766
6,111,3.977436
6,112,4.201190
6,113,4.483302
6,114,3.937004
6,115,4.114608
6,116,4.249706
6,117,4.291853
6,118,5.791373
6,119,6.134330
6,120,3.917908
6,121,4.727579
6,122,3.748333
6,123,5.836095
6,124,3.801316
6,125,4.576024
6,126,4.917316
6,127,3.663332
6,128,3.674235
6,129,4.506662
6,130,4.722288
6,131,5.178803
6,132,5.559676
6,133,4.545327
6,134,3.845777
6,135,4.288356
6,136,5.391660
6,137,4.502222
6,138,4.247352
6,139,3.569314
6,140,4.412482
6,141,4.641121
6,142,4.249706
6,143,3.925557
6,144,4.868265
6,145,4.739198
6,146,4.284857
6,147,3.988734
6,148,4.102438
6,149,4.264974
6,150,3.818377
7,1,0.519615
7,2,0.509902
7,3,0.264575
7,4,0.331662
7,5,0.458258
7,6,0.994987
7,8,0.424264
7,9,0.547723
7,10,0.479583
7,11,0.866025
7,12,0.300000
7,13,0.489898
7,14,0.616441
7,15,1.360147
7,16,1.493318
7,17,0.953939
7,18,0.509902
7,19,1.208305
7,20,0.648074
7,21,0.860233
7,22,0.600000
7,23,0.458258
7,24,0.624500
7,25,0.547723
7,26,0.608276
7,27,0.458258
7,28,0.624500
7,29,0.608276
7,30,0.316228
7,31,0.424264
7,32,0.812404
7,33,0.948683
7,34,1.208305
7,35,0.479583
7,36,0.500000
7,37,0.916515
7,38,0.479583
7,39,0.469042
7,40,0.519615
7,41,0.424264
7,42,1.109054
7,43,0.316228
7,44,0.547723
7,45,0.818535
7,46,0.447214
7,47,0.678233
7,48,0.223607
7,49,0.774597
7,50,0.424264
7,51,4.230839
7,52,3.785499
7,53,4.366921
7,54,3.127299
7,55,3.956008
7,56,3.489986
7,57,3.934463
7,58,2.278157
7,59,3.935734
7,60,2.882707
7,61,2.649528
7,62,3.336165
7,63,3.263434
7,64,3.820995
7,65,2.662705
7,66,3.835362
7,67,3.494281
7,68,3.116087
7,69,3.879433
7,70,2.949576
7,71,3.942081
7,72,3.220248
7,73,4.170132
7,74,3.782856
7,75,3.591657
7,76,3.790778
7,77,4.239104
7,78,4.414748
7,79,3.641428
7,80,2.598076
7,81,2.865310
7,82,2.754995
7,83,2.998333
7,84,4.222558
7,85,3.442383
7,86,3.641428
7,87,4.102438
7,88,3.754997
7,89,3.074085
7,90,3.062679
7,91,3.355592
7,92,3.722902
7,93,3.106445
7,94,2.338803
7,95,3.214032
7,96,3.165438
7,97,3.209361
7,98,3.495712
7,99,2.063977
7,100,3.140064
7,101,5.375872
7,102,4.263801
7,103,5.468089
7,104,4.798958
7,105,5.171073
7,106,6.280127
7,107,3.531289
7,108,5.813777
7,109,5.179768
7,110,5.807753
7,111,4.497777
7,112,4.636809
7,113,5.004998
7,114,4.227292
7,115,4.460942
7,116,4.742362
7,117,4.778075
7,118,6.439720
7,119,6.670832
7,120,4.219005
7,121,5.274467
7,122,4.062019
7,123,6.399219
7,124,4.228475
7,125,5.113707
7,126,5.496362
7,127,4.090232
7,128,4.112177
7,129,4.947727
7,130,5.288667
7,131,5.731492
7,132,6.240192
7,133,4.984977
7,134,4.287190
7,135,4.662617
7,136,5.988322
7,137,4.993996
7,138,4.731807
7,139,3.991240
7,140,4.961854
7,141,5.152669
7,142,4.803124
7,143,4.263801
7,144,5.397222
7,145,5.267827
7,146,4.796874
7,147,4.384062
7,148,4.593474
7,149,4.749737
7,150,4.217819
8,1,0.173205
8,2,0.424264
8,3,0.412311
8,4,0.500000
8,5,0.223607
8,6,0.700000
8,7,0.424264
8,9,0.787401
8,10,0.331662
8,11,0.500000
8,12,0.223607
8,13,0.469042
8,14,0.905539
8,15,1.044031
8,16,1.236932
8,17,0.700000
8,18,0.200000
8,19,0.836660
8,20,0.424264
8,21,0.447214
8,22,0.374166
8,23,0.670820
8,24,0.387298
8,25,0.447214
8,26,0.412311
8,27,0.223607
8,28,0.223607
8,29,0.223607
8,30,0.374166
8,31,0.374166
8,32,0.447214
8,33,0.734847
8,34,0.948683
8,35,0.331662
8,36,0.360555
8,37,0.547723
8,38,0.331662
8,39,0.748331
8,40,0.100000
8,41,0.244949
8,42,1.228821
8,43,0.663325
8,44,0.424264
8,45,0.608276
8,46,0.469042
8,47,0.424264
8,48,0.458258
8,49,0.424264
8,50,0.141421
8,51,3.964846
8,52,3.562303
8,53,4.117038
8,54,2.986637
8,55,3.729611
8,56,3.325658
8,57,3.728270
8,58,2.211334
8,59,3.691883
8,60,2.780288
8,61,2.569047
8,62,3.154362
8,63,3.054505
8,64,3.624914
8,65,2.495997
8,66,3.581899
8,67,3.348134
8,68,2.920616
8,69,3.683748
8,70,2.782086
8,71,3.781534
8,72,3.004996
8,73,3.968627
8,74,3.579106
8,75,3.355592
8,76,3.545420
8,77,3.991240
8,78,4.189272
8,79,3.455431
8,80,2.402082
8,81,2.711088
8,82,2.594224
8,83,2.808914
8,84,4.050926
8,85,3.318132
8,86,3.458323
8,87,3.861347
8,88,3.538361
8,89,2.913760
8,90,2.918904
8,91,3.209361
8,92,3.524202
8,93,2.920616
8,94,2.256103
8,95,3.057777
8,96,2.989983
8,97,3.039737
8,98,3.277194
8,99,1.969772
8,100,2.969848
8,101,5.219195
8,102,4.120680
8,103,5.247857
8,104,4.616276
8,105,4.989990
8,106,6.044833
8,107,3.474191
8,108,5.580323
8,109,4.974937
8,110,5.597321
8,111,4.300000
8,112,4.447471
8,113,4.796874
8,114,4.097560
8,115,4.335897
8,116,4.566180
8,117,4.579301
8,118,6.204031
8,119,6.442049
8,120,4.047221
8,121,5.069517
8,122,3.939543
8,123,6.158734
8,124,4.037326
8,125,4.914265
8,126,5.262129
8,127,3.905125
8,128,3.935734
8,129,4.768648
8,130,5.044799
8,131,5.492722
8,132,5.984981
8,133,4.809366
8,134,4.086563
8,135,4.483302
8,136,5.746303
8,137,4.831149
8,138,4.539824
8,139,3.822303
8,140,4.745524
8,141,4.962862
8,142,4.590207
8,143,4.120680
8,144,5.200961
8,145,5.082322
8,146,4.598913
8,147,4.200000
8,148,4.397727
8,149,4.589118
8,150,4.060788
9,1,0.921954
9,2,0.509902
9,3,0.435890
9,4,0.300000
9,5,0.921954
9,6,1.459452
9,7,0.547723
9,8,0.787401
9,10,0.556776
9,11,1.284523
9,12,0.670820
9,13,0.424264
9,14,0.346410
9,15,1.791647
9,16,1.997498
9,17,1.431782
9,18,0.927362
9,19,1.612452
9,20,1.148913
9,21,1.157584
9,22,1.086278
9,23,0.830662
9,24,0.911043
9,25,0.812404
9,26,0.640312
9,27,0.830662
9,28,1.004988
9,29,0.943398
9,30,0.469042
9,31,0.489898
9,32,1.140175
9,33,1.449138
9,34,1.702939
9,35,0.556776
9,36,0.700000
9,37,1.256981
9,38,0.556776
9,39,0.141421
9,40,0.866025
9,41,0.860233
9,42,0.624500
9,43,0.316228
9,44,0.959166
9,45,1.260952
9,46,0.424264
9,47,1.157584
9,48,0.360555
9,49,1.208305
9,50,0.721110
9,51,4.379498
9,52,3.923009
9,53,4.497777
9,54,3.088689
9,55,4.043513
9,56,3.538361
9,57,4.076763
9,58,2.179449
9,59,4.036087
9,60,2.893095
9,61,2.493993
9,62,3.433657
9,63,3.232646
9,64,3.901282
9,65,2.736786
9,66,3.971146
9,67,3.570714
9,68,3.151190
9,69,3.876854
9,70,2.942788
9,71,4.057093
9,72,3.296968
9,73,4.208325
9,74,3.845777
9,75,3.690528
9,76,3.910243
9,77,4.332436
9,78,4.528797
9,79,3.722902
9,80,2.613427
9,81,2.833725
9,82,2.718455
9,83,3.041381
9,84,4.272002
9,85,3.508561
9,86,3.792097
9,87,4.232021
9,88,3.765634
9,89,3.154362
9,90,3.056141
9,91,3.361547
9,92,3.818377
9,93,3.132092
9,94,2.229350
9,95,3.244996
9,96,3.246537
9,97,3.277194
9,98,3.586084
9,99,2.004994
9,100,3.193744
9,101,5.497272
9,102,4.310452
9,103,5.582114
9,104,4.879549
9,105,5.270674
9,106,6.395311
9,107,3.502856
9,108,5.914389
9,109,5.231635
9,110,5.975784
9,111,4.629255
9,112,4.705316
9,113,5.117617
9,114,4.248529
9,115,4.527693
9,116,4.869292
9,117,4.877499
9,118,6.617401
9,119,6.755738
9,120,4.207137
9,121,5.407402
9,122,4.115823
9,123,6.498461
9,124,4.296510
9,125,5.248809
9,126,5.625833
9,127,4.167733
9,128,4.208325
9,129,5.025933
9,130,5.400926
9,131,5.830094
9,132,6.426508
9,133,5.064583
9,134,4.358899
9,135,4.696807
9,136,6.115554
9,137,5.132251
9,138,4.838388
9,139,4.085340
9,140,5.089204
9,141,5.273519
9,142,4.938623
9,143,4.310452
9,144,5.523586
9,145,5.406478
9,146,4.914265
9,147,4.429447
9,148,4.701064
9,149,4.888763
9,150,4.302325
10,1,0.469042
10,2,0.173205
10,3,0.316228
10,4,0.316228
10,5,0.529150
10,6,1.009950
10,7,0.479583
10,8,0.331662
10,9,0.556776
10,11,0.787401
10,12,0.346410
10,13,0.173205
10,14,0.728011
10,15,1.311488
10,16,1.555635
10,17,1.009950
10,18,0.500000
10,19,1.100000
10,20,0.754983
10,21,0.624500
10,22,0.700000
10,23,0.774597
10,24,0.529150
10,25,0.519615
10,26,0.200000
10,27,0.447214
10,28,0.509902
10,29,0.447214
10,30,0.264575
10,31,0.173205
10,32,0.655744
10,33,1.044031
10,34,1.260952
10,35,0.000000
10,36,0.346410
10,37,0.754983
10,38,0.000000
10,39,0.556776
10,40,0.374166
10,41,0.500000
10,42,0.938083
10,43,0.556776
10,44,0.655744
10,45,0.883176
10,46,0.264575
10,47,0.741620
10,48,0.346410
10,49,0.728011
10,50,0.264575
10,51,4.043513
10,52,3.635932
10,53,4.185690
10,54,2.947881
10,55,3.770942
10,56,3.342155
10,57,3.806573
10,58,2.130728
10,59,3.738984
10,60,2.774887
10,61,2.455606
10,62,3.203123
10,63,3.013304
10,64,3.661967
10,65,2.525866
10,66,3.652396
10,67,3.385262
10,68,2.922328
10,69,3.668787
10,70,2.758623
10,71,3.845777
10,72,3.036445
10,73,3.979950
10,74,3.602777
10,75,3.401470
10,76,3.605551
10,77,4.034848
10,78,4.249706
10,79,3.494281
10,80,2.387467
10,81,2.672078
10,82,2.549510
10,83,2.817801
10,84,4.071855
10,85,3.349627
10,86,3.542598
10,87,3.929377
10,88,3.528456
10,89,2.949576
10,90,2.900000
10,91,3.198437
10,92,3.570714
10,93,2.918904
10,94,2.167948
10,95,3.062679
10,96,3.024897
10,97,3.067572
10,98,3.318132
10,99,1.910497
10,100,2.988311
10,101,5.292447
10,102,4.143670
10,103,5.311309
10,104,4.658326
10,105,5.046781
10,106,6.108191
10,107,3.452535
10,108,5.632939
10,109,4.998000
10,110,5.697368
10,111,4.374929
10,112,4.482187
10,113,4.860041
10,114,4.106093
10,115,4.376071
10,116,4.641121
10,117,4.632494
10,118,6.307139
10,119,6.487681
10,120,4.028647
10,121,5.146844
10,122,3.968627
10,123,6.211280
10,124,4.070626
10,125,4.991994
10,126,5.332917
10,127,3.944617
10,128,3.987480
10,129,4.811445
10,130,5.102940
10,131,5.544367
10,132,6.091798
10,133,4.853864
10,134,4.119466
10,135,4.493328
10,136,5.818075
10,137,4.914265
10,138,4.597826
10,139,3.872983
10,140,4.817676
10,141,5.033885
10,142,4.669047
10,143,4.143670
10,144,5.274467
10,145,5.165269
10,146,4.666905
10,147,4.220190
10,148,4.457578
10,149,4.672259
10,150,4.106093
11,1,0.374166
11,2,0.866025
11,3,0.883176
11,4,1.000000
11,5,0.424264
11,6,0.346410
11,7,0.866025
11,8,0.500000
11,9,1.284523
11,10,0.787401
11,12,0.678233
11,13,0.932738
11,14,1.367479
11,15,0.583095
11,16,0.787401
11,17,0.346410
11,18,0.387298
11,19,0.387298
11,20,0.331662
11,21,0.360555
11,22,0.360555
11,23,0.948683
11,24,0.616441
11,25,0.781025
11,26,0.812404
11,27,0.547723
11,28,0.282843
11,29,0.374166
11,30,0.866025
11,31,0.854400
11,32,0.360555
11,33,0.458258
11,34,0.519615
11,35,0.787401
11,36,0.707107
11,37,0.300000
11,38,0.787401
11,39,1.236932
11,40,0.424264
11,41,0.500000
11,42,1.679286
11,43,1.135782
11,44,0.608276
11,45,0.547723
11,46,0.932738
11,47,0.331662
11,48,0.948683
11,49,0.100000
11,50,0.574456
11,51,3.806573
11,52,3.455431
11,53,3.982462
11,54,3.070831
11,55,3.649658
11,56,3.333167
11,57,3.629049
11,58,2.412468
11,59,3.591657
11,60,2.870540
11,61,2.773085
11,62,3.117691
11,63,3.082207
11,64,3.579106
11,65,2.509980
11,66,3.449638
11,67,3.349627
11,68,2.925748
11,69,3.685105
11,70,2.837252
11,71,3.734970
11,72,2.959730
11,73,3.937004
11,74,3.541186
11,75,3.269557
11,76,3.432200
11,77,3.885872
11,78,4.084116
11,79,3.419064
11,80,2.437212
11,81,2.792848
11,82,2.679552
11,83,2.814249
11,84,4.034848
11,85,3.343651
11,86,3.377869
11,87,3.738984
11,88,3.519943
11,89,2.915476
11,90,2.984962
11,91,3.260368
11,92,3.468429
11,93,2.935984
11,94,2.449490
11,95,3.088689
11,96,2.978255
11,97,3.038092
11,98,3.214032
11,99,2.142429
11,100,2.978255
11,101,5.148786
11,102,4.124318
11,103,5.133225
11,104,4.562894
11,105,4.918333
11,106,5.911853
11,107,3.597221
11,108,5.463515
11,109,4.917316
11,110,5.449771
11,111,4.202380
11,112,4.396590
11,113,4.696807
11,114,4.125530
11,115,4.332436
11,116,4.483302
11,117,4.501111
11,118,6.028267
11,119,6.330087
11,120,4.068169
11,121,4.954796
11,122,3.956008
11,123,6.031584
11,124,3.991240
11,125,4.806246
11,126,5.128353
11,127,3.860052
11,128,3.885872
11,129,4.714870
11,130,4.917316
11,131,5.372150
11,132,5.788782
11,133,4.756049
11,134,4.033609
11,135,4.466542
11,136,5.599107
11,137,4.748684
11,138,4.463183
11,139,3.781534
11,140,4.629255
11,141,4.868265
11,142,4.469899
11,143,4.124318
11,144,5.097058
11,145,4.977951
11,146,4.503332
11,147,4.170132
11,148,4.316248
11,149,4.511097
11,150,4.032369
12,1,0.374166
12,2,0.458258
12,3,0.374166
12,4,0.374166
12,5,0.346410
12,6,0.812404
12,7,0.300000
12,8,0.223607
12,9,0.670820
12,10,0.346410
12,11,0.678233
12,13,0.458258
12,14,0.818535
12,15,1.232883
12,16,1.363818
12,17,0.860233
12,18,0.387298
12,19,0.994987
12,20,0.519615
12,21,0.608276
12,22,0.479583
12,23,0.663325
12,24,0.447214
12,25,0.300000
12,26,0.447214
12,27,0.282843
12,28,0.424264
12,29,0.447214
12,30,0.223607
12,31,0.300000
12,32,0.640312
12,33,0.818535
12,34,1.081665
12,35,0.346410
12,36,0.489898
12,37,0.768115
12,38,0.346410
12,39,0.640312
12,40,0.316228
12,41,0.387298
12,42,1.183216
12,43,0.538516
12,44,0.458258
12,45,0.616441
12,46,0.458258
12,47,0.500000
12,48,0.346410
12,49,0.591608
12,50,0.300000
12,51,3.991240
12,52,3.563706
12,53,4.132796
12,54,2.944486
12,55,3.733631
12,56,3.284814
12,57,3.718871
12,58,2.130728
12,59,3.701351
12,60,2.716616
12,61,2.500000
12,62,3.133688
12,63,3.046309
12,64,3.604164
12,65,2.469818
12,66,3.602777
12,67,3.301515
12,68,2.894823
12,69,3.674235
12,70,2.747726
12,71,3.748333
12,72,3.003331
12,73,3.954744
12,74,3.558089
12,75,3.363034
12,76,3.560899
12,77,4.004997
12,78,4.192851
12,79,3.433657
12,80,2.387467
12,81,2.672078
12,82,2.557342
12,83,2.789265
12,84,4.017462
12,85,3.258834
12,86,3.436568
12,87,3.872983
12,88,3.536948
12,89,2.874022
12,90,2.875761
12,91,3.157531
12,92,3.505710
12,93,2.898275
12,94,2.186321
12,95,3.016621
12,96,2.954657
12,97,3.004996
12,98,3.272614
12,99,1.915724
12,100,2.937686
12,101,5.187485
12,102,4.077990
12,103,5.248809
12,104,4.589118
12,105,4.968903
12,106,6.050620
12,107,3.388215
12,108,5.581219
12,109,4.961854
12,110,5.598214
12,111,4.291853
12,112,4.430576
12,113,4.793746
12,114,4.052160
12,115,4.295346
12,116,4.549725
12,117,4.562894
12,118,6.211280
12,119,6.445929
12,120,4.016217
12,121,5.066557
12,122,3.889730
12,123,6.166036
12,124,4.023680
12,125,4.903060
12,126,5.264979
12,127,3.888444
12,128,3.911521
12,129,4.746578
12,130,5.051732
12,131,5.500909
12,132,6.004165
12,133,4.787484
12,134,4.068169
12,135,4.446347
12,136,5.764547
12,137,4.805206
12,138,4.518849
12,139,3.794733
12,140,4.748684
12,141,4.953786
12,142,4.600000
12,143,4.077990
12,144,5.190376
12,145,5.071489
12,146,4.597826
12,147,4.184495
12,148,4.387482
12,149,4.561798
12,150,4.022437
13,1,0.591608
13,2,0.141421
13,3,0.264575
13,4,0.264575
13,5,0.640312
13,6,1.161895
13,7,0.489898
13,8,0.469042
13,9,0.424264
13,10,0.173205
13,11,0.932738
13,12,0.458258
13,14,0.583095
13,15,1.431782
13,16,1.694107
13,17,1.126943
13,18,0.616441
13,19,1.256981
13,20,0.883176
13,21,0.787401
13,22,0.824621
13,23,0.754983
13,24,0.655744
13,25,0.648074
13,26,0.300000
13,27,0.574456
13,28,0.655744
13,29,0.574456
13,30,0.316228
13,31,0.244949
13,32,0.787401
13,33,1.174734
13,34,1.392839
13,35,0.173205
13,36,0.360555
13,37,0.871780
13,38,0.173205
13,39,0.424264
13,40,0.519615
13,41,0.583095
13,42,0.793725
13,43,0.469042
13,44,0.761577
13,45,1.034408
13,46,0.200000
13,47,0.883176
13,48,0.300000
13,49,0.871780
13,50,0.374166
13,51,4.178516
13,52,3.764306
13,53,4.316248
13,54,3.029851
13,55,3.889730
13,56,3.449638
13,57,3.934463
13,58,2.188607
13,59,3.863936
13,60,2.861818
13,61,2.501999
13,62,3.318132
13,63,3.106445
13,64,3.778889
13,65,2.632489
13,66,3.782856
13,67,3.494281
13,68,3.031501
13,69,3.764306
13,70,2.853069
13,71,3.962323
13,72,3.151190
13,73,4.087787
13,74,3.718871
13,75,3.524202
13,76,3.732292
13,77,4.158125
13,78,4.373786
13,79,3.608324
13,80,2.487971
13,81,2.758623
13,82,2.636285
13,83,2.924038
13,84,4.179713
13,85,3.453983
13,86,3.668787
13,87,4.058325
13,88,3.630427
13,89,3.061046
13,90,2.989983
13,91,3.295451
13,92,3.690528
13,93,3.021589
13,94,2.224860
13,95,3.163858
13,96,3.140064
13,97,3.178050
13,98,3.438023
13,99,1.974842
13,100,3.095158
13,101,5.409251
13,102,4.244997
13,103,5.435071
13,104,4.773887
13,105,5.163332
13,106,6.235383
13,107,3.525621
13,108,5.758472
13,109,5.109795
13,110,5.828379
13,111,4.497777
13,112,4.593474
13,113,4.980964
13,114,4.198809
13,115,4.474371
13,116,4.759202
13,117,4.752894
13,118,6.445929
13,119,6.607571
13,120,4.123106
13,121,5.270674
13,122,4.066940
13,123,6.336403
13,124,4.180909
13,125,5.117617
13,126,5.463515
13,127,4.055860
13,128,4.102438
13,129,4.923413
13,130,5.231635
13,131,5.668333
13,132,6.233779
13,133,4.964877
13,134,4.235564
13,135,4.602173
13,136,5.944746
13,137,5.033885
13,138,4.719110
13,139,3.986226
13,140,4.941660
13,141,5.152669
13,142,4.790616
13,143,4.244997
13,144,5.397222
13,145,5.286776
13,146,4.784349
13,147,4.324350
13,148,4.576024
13,149,4.791659
13,150,4.217819
14,1,0.994987
14,2,0.678233
14,3,0.500000
14,4,0.519615
14,5,0.974679
14,6,1.571623
14,7,0.616441
14,8,0.905539
14,9,0.346410
14,10,0.728011
14,11,1.367479
14,12,0.818535
14,13,0.583095
14,15,1.808314
14,16,2.042058
14,17,1.466288
14,18,1.009950
14,19,1.732051
14,20,1.216553
14,21,1.319091
14,22,1.174734
14,23,0.685565
14,24,1.118034
14,25,1.029563
14,26,0.866025
14,27,0.994987
14,28,1.109054
14,29,1.034408
14,30,0.678233
14,31,0.721110
14,32,1.272792
14,33,1.476482
14,34,1.726268
14,35,0.728011
14,36,0.741620
14,37,1.319091
14,38,0.728011
14,39,0.244949
14,40,0.984886
14,41,0.905539
14,42,0.781025
14,43,0.316228
14,44,1.113553
14,45,1.417745
14,46,0.616441
14,47,1.240967
14,48,0.479583
14,49,1.288410
14,50,0.824621
14,51,4.688283
14,52,4.239104
14,53,4.813523
14,54,3.432200
14,55,4.369210
14,56,3.872983
14,57,4.393177
14,58,2.523886
14,59,4.357752
14,60,3.229551
14,61,2.839014
14,62,3.758989
14,63,3.570714
14,64,4.230839
14,65,3.064311
14,66,4.283690
14,67,3.900000
14,68,3.485685
14,69,4.215448
14,70,3.283291
14,71,4.379498
14,72,3.623534
14,73,4.544227
14,74,4.177320
14,75,4.012481
14,76,4.227292
14,77,4.655105
14,78,4.850773
14,79,4.052160
14,80,2.947881
14,81,3.176476
14,82,3.061046
14,83,3.374907
14,84,4.607602
14,85,3.837968
14,86,4.106093
14,87,4.548626
14,88,4.101219
14,89,3.482815
14,90,3.397058
14,91,3.701351
14,92,4.144876
14,93,3.468429
14,94,2.574879
14,95,3.581899
14,96,3.574913
14,97,3.608324
14,98,3.911521
14,99,2.345208
14,100,3.527038
14,101,5.818935
14,102,4.645428
14,103,5.905929
14,104,5.210566
14,105,5.598214
14,106,6.718631
14,107,3.837968
14,108,6.240192
14,109,5.566866
14,110,6.287289
14,111,4.948737
14,112,5.037857
14,113,5.441507
14,114,4.585848
14,115,4.855924
14,116,5.189412
14,117,5.204805
14,118,6.926038
14,119,7.085196
14,120,4.549725
14,121,5.727128
14,122,4.447471
14,123,6.824222
14,124,4.628175
14,125,5.568662
14,126,5.945587
14,127,4.497777
14,128,4.535416
14,129,5.357238
14,130,5.722762
14,131,6.155485
14,132,6.730527
14,133,5.395368
14,134,4.690416
14,135,5.033885
14,136,6.434283
14,137,5.449771
14,138,5.164301
14,139,4.412482
14,140,5.409251
14,141,5.595534
14,142,5.254522
14,143,4.645428
14,144,5.845511
14,145,5.724509
14,146,5.235456
14,147,4.764452
14,148,5.025933
14,149,5.205766
14,150,4.631414
15,1,0.883176
15,2,1.360147
15,3,1.363818
15,4,1.529706
15,5,0.916515
15,6,0.678233
15,7,1.360147
15,8,1.044031
15,9,1.791647
15,10,1.311488
15,11,0.583095
15,12,1.232883
15,13,1.431782
15,14,1.808314
15,16,0.547723
15,17,0.469042
15,18,0.888819
15,19,0.556776
15,20,0.793725
15,21,0.877496
15,22,0.842615
15,23,1.280625
15,24,1.148913
15,25,1.360147
15,26,1.341641
15,27,1.095445
15,28,0.836660
15,29,0.871780
15,30,1.417745
15,31,1.403567
15,32,0.806226
15,33,0.685565
15,34,0.412311
15,35,1.311488
15,36,1.131371
15,37,0.591608
15,38,1.311488
15,39,1.723369
15,40,0.969536
15,41,0.953939
15,42,2.144761
15,43,1.615549
15,44,1.100000
15,45,1.029563
15,46,1.431782
15,47,0.830662
15,48,1.456022
15,49,0.655744
15,50,1.081665
15,51,3.971146
15,52,3.685105
15,53,4.171331
15,54,3.468429
15,55,3.896152
15,56,3.681032
15,57,3.866523
15,58,2.901724
15,59,3.823611
15,60,3.283291
15,61,3.251154
15,62,3.420526
15,63,3.429286
15,64,3.871692
15,65,2.867054
15,66,3.646917
15,67,3.690528
15,68,3.277194
15,69,3.997499
15,70,3.223352
15,71,4.021194
15,72,3.252691
15,73,4.228475
15,74,3.844477
15,75,3.519943
15,76,3.649658
15,77,4.103657
15,78,4.301163
15,79,3.718871
15,80,2.810694
15,81,3.196873
15,82,3.088689
15,83,3.159114
15,84,4.347413
15,85,3.706751
15,86,3.640055
15,87,3.944617
15,88,3.819686
15,89,3.264966
15,90,3.374907
15,91,3.645545
15,92,3.753665
15,93,3.286335
15,94,2.929164
15,95,3.455431
15,96,3.318132
15,97,3.380828
15,98,3.491418
15,99,2.605763
15,100,3.327161
15,101,5.391660
15,102,4.448595
15,103,5.328227
15,104,4.835287
15,105,5.162364
15,106,6.083584
15,107,4.024922
15,108,5.659505
15,109,5.174940
15,110,5.605355
15,111,4.424929
15,112,4.663690
15,113,4.909175
15,114,4.465423
15,115,4.635731
15,116,4.713809
15,117,4.747631
15,118,6.156298
15,119,6.516901
15,120,4.405678
15,121,5.148786
15,122,4.290688
15,123,6.208059
15,124,4.264974
15,125,5.015974
15,126,5.310367
15,127,4.137632
15,128,4.164133
15,129,4.976947
15,130,5.106858
15,131,5.558777
15,132,5.893216
15,133,5.015974
15,134,4.311612
15,135,4.780167
15,136,5.747173
15,137,4.980964
15,138,4.713809
15,139,4.069398
15,140,4.823899
15,141,5.081338
15,142,4.651881
15,143,4.448595
15,144,5.304715
15,145,5.180734
15,146,4.713809
15,147,4.453089
15,148,4.553021
15,149,4.750789
15,150,4.333590
16,1,1.104536
16,2,1.627882
16,3,1.587451
16,4,1.714643
16,5,1.086278
16,6,0.616441
16,7,1.493318
16,8,1.236932
16,9,1.997498
16,10,1.555635
16,11,0.787401
16,12,1.363818
16,13,1.694107
16,14,2.042058
16,15,0.547723
16,17,0.616441
16,18,1.090871
16,19,0.640312
16,20,0.854400
16,21,1.081665
16,22,0.921954
16,23,1.462874
16,24,1.272792
16,25,1.417745
16,26,1.581139
16,27,1.224745
16,28,1.048809
16,29,1.140175
16,30,1.577973
16,31,1.596872
16,32,1.044031
16,33,0.655744
16,34,0.360555
16,35,1.555635
16,36,1.435270
16,37,0.964365
16,38,1.555635
16,39,1.931321
16,40,1.183216
16,41,1.161895
16,42,2.428992
16,43,1.791647
16,44,1.161895
16,45,0.938083
16,46,1.670329
16,47,0.877496
16,48,1.643168
16,49,0.830662
16,50,1.322876
16,51,3.790778
16,52,3.484250
16,53,3.987480
16,54,3.392639
16,55,3.744329
16,56,3.517101
16,57,3.640055
16,58,2.870540
16,59,3.671512
16,60,3.146427
16,61,3.257299
16,62,3.240370
16,63,3.397058
16,64,3.694591
16,65,2.734959
16,66,3.478505
16,67,3.489986
16,68,3.165438
16,69,3.911521
16,70,3.141656
16,71,3.785499
16,72,3.127299
16,73,4.091455
16,74,3.687818
16,75,3.374907
16,76,3.489986
16,77,3.957272
16,78,4.110961
16,79,3.542598
16,80,2.756810
16,81,3.133688
16,82,3.039737
16,83,3.049590
16,84,4.168933
16,85,3.501428
16,86,3.395585
16,87,3.760319
16,88,3.740321
16,89,3.088689
16,90,3.272614
16,91,3.511410
16,92,3.567913
16,93,3.184337
16,94,2.915476
16,95,3.316625
16,96,3.144837
16,97,3.217142
16,98,3.339162
16,99,2.590367
16,100,3.182766
16,101,5.121523
16,102,4.255585
16,103,5.115662
16,104,4.623851
16,105,4.932545
16,106,5.871116
16,107,3.865230
16,108,5.459853
16,109,5.005996
16,110,5.334791
16,111,4.195235
16,112,4.479955
16,113,4.696807
16,114,4.291853
16,115,4.419276
16,116,4.469899
16,117,4.534314
16,118,5.885576
16,119,6.325346
16,120,4.288356
16,121,4.912230
16,122,4.085340
16,123,6.013319
16,124,4.095119
16,125,4.768648
16,126,5.089204
16,127,3.957272
16,128,3.954744
16,129,4.769696
16,130,4.913247
16,131,5.372150
16,132,5.636488
16,133,4.806246
16,134,4.134005
16,135,4.605432
16,136,5.543465
16,137,4.708503
16,138,4.487761
16,139,3.860052
16,140,4.607602
16,141,4.847680
16,142,4.438468
16,143,4.255585
16,144,5.061620
16,145,4.925444
16,146,4.501111
16,147,4.297674
16,148,4.341659
16,149,4.479955
16,150,4.113393
17,1,0.547723
17,2,1.053565
17,3,1.009950
17,4,1.166190
17,5,0.547723
17,6,0.400000
17,7,0.953939
17,8,0.700000
17,9,1.431782
17,10,1.009950
17,11,0.346410
17,12,0.860233
17,13,1.126943
17,14,1.466288
17,15,0.469042
17,16,0.616441
17,18,0.519615
17,19,0.519615
17,20,0.387298
17,21,0.670820
17,22,0.412311
17,23,0.927362
17,24,0.787401
17,25,1.004988
17,26,1.048809
17,27,0.707107
17,28,0.529150
17,29,0.583095
17,30,1.053565
17,31,1.063015
17,32,0.538516
17,33,0.458258
17,34,0.387298
17,35,1.009950
17,36,0.836660
17,37,0.458258
17,38,1.009950
17,39,1.360147
17,40,0.648074
17,41,0.574456
17,42,1.838478
17,43,1.236932
17,44,0.670820
17,45,0.678233
17,46,1.090871
17,47,0.479583
17,48,1.086278
17,49,0.360555
17,50,0.754983
17,51,3.950949
17,52,3.597221
17,53,4.130375
17,54,3.266497
17,55,3.810512
17,56,3.514257
17,57,3.764306
17,58,2.619160
17,59,3.760319
17,60,3.039737
17,61,2.994996
17,62,3.268027
17,63,3.301515
17,64,3.748333
17,65,2.672078
17,66,3.597221
17,67,3.507136
17,68,3.130495
17,69,3.870400
17,70,3.041381
17,71,3.866523
17,72,3.130495
17,73,4.115823
17,74,3.728270
17,75,3.436568
17,76,3.586084
17,77,4.052160
17,78,4.228475
17,79,3.579106
17,80,2.641969
17,81,3.000000
17,82,2.894823
17,83,3.000000
17,84,4.204759
17,85,3.501428
17,86,3.505710
17,87,3.885872
17,88,3.713489
17,89,3.082207
17,90,3.173326
17,91,3.456877
17,92,3.631804
17,93,3.127299
17,94,2.660827
17,95,3.271085
17,96,3.154362
17,97,3.210919
17,98,3.383785
17,99,2.330236
17,100,3.154362
17,101,5.260228
17,102,4.276681
17,103,5.267827
17,104,4.718050
17,105,5.050743
17,106,6.052272
17,107,3.760319
17,108,5.618719
17,109,5.085273
17,110,5.547973
17,111,4.324350
17,112,4.548626
17,113,4.827007
17,114,4.277850
17,115,4.450843
17,116,4.593474
17,117,4.649731
17,118,6.140033
17,119,6.476882
17,120,4.260282
17,121,5.070503
17,122,4.095119
17,123,6.182233
17,124,4.143670
17,125,4.929503
17,126,5.270674
17,127,4.007493
17,128,4.027406
17,129,4.856954
17,130,5.073460
17,131,5.522681
17,132,5.901695
17,133,4.892852
17,134,4.203570
17,135,4.655105
17,136,5.722762
17,137,4.852834
17,138,4.608687
17,139,3.921734
17,140,4.752894
17,141,4.981967
17,142,4.576024
17,143,4.276681
17,144,5.217279
17,145,5.081338
17,146,4.617359
17,147,4.325506
17,148,4.448595
17,149,4.616276
17,150,4.178516
18,1,0.100000
18,2,0.547723
18,3,0.519615
18,4,0.655744
18,5,0.173205
18,6,0.591608
18,7,0.509902
18,8,0.200000
18,9,0.927362
18,10,0.500000
18,11,0.387298
18,12,0.387298
18,13,0.616441
18,14,1.009950
18,15,0.888819
18,16,1.090871
18,17,0.519615
18,19,0.734847
18,20,0.316228
18,21,0.447214
18,22,0.244949
18,23,0.655744
18,24,0.412311
18,25,0.600000
18,26,0.556776
18,27,0.264575
18,28,0.173205
18,29,0.173205
18,30,0.547723
18,31,0.547723
18,32,0.346410
18,33,0.648074
18,34,0.812404
18,35,0.500000
18,36,0.387298
18,37,0.424264
18,38,0.500000
18,39,0.871780
18,40,0.173205
18,41,0.141421
18,42,1.345362
18,43,0.774597
18,44,0.374166
18,45,0.591608
18,46,0.583095
18,47,0.374166
18,48,0.591608
18,49,0.316228
18,50,0.244949
18,51,3.974921
18,52,3.581899
18,53,4.134005
18,54,3.059412
18,55,3.758989
18,56,3.385262
18,57,3.749667
18,58,2.313007
18,59,3.721559
18,60,2.847806
18,61,2.675818
18,62,3.189044
18,63,3.122499
18,64,3.668787
18,65,2.539685
18,66,3.595831
18,67,3.398529
18,68,2.984962
18,69,3.734970
18,70,2.853069
18,71,3.813135
18,72,3.041381
18,73,4.016217
18,74,3.631804
18,75,3.385262
18,76,3.565109
18,77,4.018706
18,78,4.210701
18,79,3.495712
18,80,2.463737
18,81,2.787472
18,82,2.673948
18,83,2.861818
18,84,4.102438
18,85,3.374907
18,86,3.481379
18,87,3.879433
18,88,3.588872
18,89,2.964793
18,90,2.986637
18,91,3.283291
18,92,3.563706
18,93,2.978255
18,94,2.355844
18,95,3.119295
18,96,3.043025
18,97,3.091925
18,98,3.313608
18,99,2.049390
18,100,3.023243
18,101,5.242137
18,102,4.168933
18,103,5.266878
18,104,4.657252
18,105,5.017968
18,106,6.064652
18,107,3.551056
18,108,5.608921
18,109,5.016971
18,110,5.599107
18,111,4.316248
18,112,4.483302
18,113,4.815600
18,114,4.148494
18,115,4.368066
18,116,4.581484
18,117,4.611941
18,118,6.208865
18,119,6.466838
18,120,4.110961
18,121,5.081338
18,122,3.984972
18,123,6.183041
18,124,4.071855
18,125,4.932545
18,126,5.282992
18,127,3.938274
18,128,3.968627
18,129,4.802083
18,130,5.070503
18,131,5.516339
18,132,5.984981
18,133,4.840455
18,134,4.130375
18,135,4.545327
18,136,5.753260
18,137,4.847680
18,138,4.572745
18,139,3.856164
18,140,4.758151
18,141,4.976947
18,142,4.592385
18,143,4.168933
18,144,5.218237
18,145,5.092151
18,146,4.609772
18,147,4.237924
18,148,4.420407
18,149,4.606517
18,150,4.102438
19,1,0.741620
19,2,1.174734
19,3,1.236932
19,4,1.322876
19,5,0.793725
19,6,0.331662
19,7,1.208305
19,8,0.836660
19,9,1.612452
19,10,1.100000
19,11,0.387298
19,12,0.994987
19,13,1.256981
19,14,1.732051
19,15,0.556776
19,16,0.640312
19,17,0.519615
19,18,0.734847
19,20,0.632456
19,21,0.509902
19,22,0.648074
19,23,1.322876
19,24,0.806226
