1,2,0.076006
1,3,0.071967
1,4,0.091469
1,5,0.019960
1,6,0.087004
1,7,0.073338
1,8,0.024446
1,9,0.130124
1,10,0.066200
1,11,0.052810
1,12,0.052810
1,13,0.083499
1,14,0.140432
1,15,0.124651
1,16,0.155894
1,17,0.077305
1,18,0.014114
1,19,0.104672
1,20,0.046811
1,21,0.061521
1,22,0.042342
1,23,0.091469
1,24,0.066200
1,25,0.083499
1,26,0.077305
1,27,0.044632
1,28,0.019960
1,29,0.019960
1,30,0.076006
1,31,0.076006
1,32,0.054663
1,33,0.088142
1,34,0.113790
1,35,0.066200
1,36,0.052810
1,37,0.058193
1,38,0.066200
1,39,0.122230
1,40,0.019960
1,41,0.024446
1,42,0.190407
1,43,0.108411
1,44,0.064678
1,45,0.087004
1,46,0.083499
1,47,0.050889
1,48,0.082298
1,49,0.042342
1,50,0.031560
1,51,0.565086
1,52,0.510449
1,53,0.587723
1,54,0.436620
1,55,0.535214
1,56,0.482152
1,57,0.534283
1,58,0.331001
1,59,0.529226
1,60,0.407597
1,61,0.381599
1,62,0.455598
1,63,0.444085
1,64,0.522216
1,65,0.364238
1,66,0.512007
1,67,0.484830
1,68,0.424827
1,69,0.531854
1,70,0.406863
1,71,0.543890
1,72,0.434104
1,73,0.571222
1,74,0.516269
1,75,0.482152
1,76,0.507709
1,77,0.571222
1,78,0.599136
1,79,0.498404
1,80,0.352001
1,81,0.397703
1,82,0.381338
1,83,0.408573
1,84,0.583642
1,85,0.481531
1,86,0.496803
1,87,0.552070
1,88,0.510644
1,89,0.423418
1,90,0.426465
1,91,0.467468
1,92,0.507513
1,93,0.424827
1,94,0.336966
1,95,0.444981
1,96,0.433874
1,97,0.441159
1,98,0.472132
1,99,0.295045
1,100,0.431573
1,101,0.745905
1,102,0.593960
1,103,0.748305
1,104,0.662002
1,105,0.713696
1,106,0.860256
1,107,0.506924
1,108,0.795530
1,109,0.712439
1,110,0.795906
1,111,0.614888
1,112,0.637944
1,113,0.685071
1,114,0.591440
1,115,0.623414
1,116,0.652913
1,117,0.655653
1,118,0.880737
1,119,0.917189
1,120,0.584494
1,121,0.722849
1,122,0.568601
1,123,0.876656
1,124,0.580047
1,125,0.701450
1,126,0.749768
1,127,0.561373
1,128,0.565615
1,129,0.683179
1,130,0.719395
1,131,0.782783
1,132,0.848833
1,133,0.688841
1,134,0.587214
1,135,0.645086
1,136,0.817025
1,137,0.690430
1,138,0.650161
1,139,0.549900
1,140,0.677028
1,141,0.708514
1,142,0.654436
1,143,0.593960
1,144,0.742023
1,145,0.724912
1,146,0.656867
1,147,0.603608
1,148,0.629456
1,149,0.656412
1,150,0.584324
2,1,0.076006
2,3,0.042342
2,4,0.046811
2,5,0.085852
2,6,0.153965
2,7,0.071967
2,8,0.059880
2,9,0.071967
2,10,0.024446
2,11,0.122230
2,12,0.064678
2,13,0.019960
2,14,0.095725
2,15,0.191970
2,16,0.229758
2,17,0.148700
2,18,0.077305
2,19,0.165801
2,20,0.118086
2,21,0.099801
2,22,0.107489
2,23,0.110233
2,24,0.078583
2,25,0.091469
2,26,0.031560
2,27,0.070570
2,28,0.083499
2,29,0.070570
2,30,0.048892
2,31,0.034572
2,32,0.095725
2,33,0.162157
2,34,0.189358
2,35,0.024446
2,36,0.042342
2,37,0.111133
2,38,0.024446
2,39,0.071967
2,40,0.064678
2,41,0.074684
2,42,0.115528
2,43,0.077305
2,44,0.095725
2,45,0.139006
2,46,0.019960
2,47,0.119761
2,48,0.050889
2,49,0.114662
2,50,0.044632
2,51,0.578155
2,52,0.520305
2,53,0.597971
2,54,0.419163
2,55,0.537998
2,56,0.478627
2,57,0.544805
2,58,0.303039
2,59,0.534656
2,60,0.395946
2,61,0.347444
2,62,0.457997
2,63,0.429259
2,64,0.523929
2,65,0.361218
2,66,0.522216
2,67,0.484624
2,68,0.419400
2,69,0.521070
2,70,0.394181
2,71,0.549538
2,72,0.433874
2,73,0.567198
2,74,0.516076
2,75,0.486470
2,76,0.515304
2,77,0.575911
2,78,0.606242
2,79,0.499402
2,80,0.341371
2,81,0.381076
2,82,0.363964
2,83,0.402928
2,84,0.581076
2,85,0.479666
2,86,0.507709
2,87,0.561550
2,88,0.502186
2,89,0.423183
2,90,0.413420
2,91,0.457779
2,92,0.511229
2,93,0.417018
2,94,0.307606
2,95,0.437987
2,96,0.434563
2,97,0.439576
2,98,0.474866
2,99,0.270015
2,100,0.427631
2,101,0.753478
2,102,0.590091
2,103,0.756117
2,104,0.664555
2,105,0.718564
2,106,0.869354
2,107,0.491157
2,108,0.802635
2,109,0.711460
2,110,0.811152
2,111,0.623734
2,112,0.638100
2,113,0.691871
2,114,0.583471
2,115,0.621334
2,116,0.660647
2,117,0.660948
2,118,0.898981
2,119,0.921846
2,120,0.573311
2,121,0.732566
2,122,0.564910
2,123,0.883785
2,124,0.579531
2,125,0.711740
2,126,0.760714
2,127,0.561905
2,128,0.568951
2,129,0.684780
2,130,0.728066
2,131,0.789245
2,132,0.868667
2,133,0.690430
2,134,0.588400
2,135,0.641835
2,136,0.827081
2,137,0.700028
2,138,0.656412
2,139,0.552611
2,140,0.685943
2,141,0.715926
2,142,0.663655
2,143,0.590091
2,144,0.750962
2,145,0.734874
2,146,0.663355
2,147,0.599801
2,148,0.634970
2,149,0.665903
2,150,0.586196
3,1,0.071967
3,2,0.042342
3,4,0.034572
3,5,0.071967
3,6,0.153317
3,7,0.037342
3,8,0.058193
3,9,0.061521
3,10,0.044632
3,11,0.124651
3,12,0.052810
3,13,0.037342
3,14,0.070570
3,15,0.192488
3,16,0.224052
3,17,0.142544
3,18,0.073338
3,19,0.174580
3,20,0.106558
3,21,0.117239
3,22,0.098798
3,23,0.071967
3,24,0.091469
3,25,0.090373
3,26,0.066200
3,27,0.071967
3,28,0.087004
3,29,0.077305
3,30,0.042342
3,31,0.046811
3,32,0.110233
3,33,0.148700
3,34,0.181297
3,35,0.044632
3,36,0.044632
3,37,0.120590
3,38,0.044632
3,39,0.050889
3,40,0.069144
3,41,0.061521
3,42,0.130887
3,43,0.042342
3,44,0.092551
3,45,0.135376
3,46,0.037342
3,47,0.110233
3,48,0.019960
3,49,0.113790
3,50,0.046811
3,51,0.603608
3,52,0.543341
3,53,0.623255
3,54,0.445205
3,55,0.564204
3,56,0.501194
3,57,0.566143
3,58,0.325540
3,59,0.561018
3,60,0.416301
3,61,0.373686
3,62,0.480289
3,63,0.459950
3,64,0.547541
3,65,0.383941
3,66,0.547723
3,67,0.504561
3,68,0.444981
3,69,0.549900
3,70,0.420349
3,71,0.568951
3,72,0.459950
3,73,0.593793
3,74,0.540768
3,75,0.512590
3,76,0.541136
3,77,0.603113
3,78,0.630879
3,79,0.522597
3,80,0.369127
3,81,0.407597
3,82,0.391137
3,83,0.428562
3,84,0.604432
3,85,0.498204
3,86,0.526773
3,87,0.586366
3,88,0.531667
3,89,0.444085
3,90,0.437987
3,91,0.480910
3,92,0.534283
3,93,0.443187
3,94,0.332203
3,95,0.461247
3,96,0.456254
3,97,0.461895
3,98,0.500000
3,99,0.294369
3,100,0.450984
3,101,0.772408
3,102,0.611803
3,103,0.780362
3,104,0.687104
3,105,0.740545
3,106,0.894316
3,107,0.509276
3,108,0.827924
3,109,0.737445
3,110,0.831885
3,111,0.645549
3,112,0.662453
3,113,0.715508
3,114,0.605749
3,115,0.641369
3,116,0.681281
3,117,0.683907
3,118,0.920333
3,119,0.948158
3,120,0.599967
3,121,0.754931
3,122,0.584835
3,123,0.909884
3,124,0.604268
3,125,0.733110
3,126,0.784562
3,127,0.585686
3,128,0.590766
3,129,0.707811
3,130,0.753478
3,131,0.815439
3,132,0.890968
3,133,0.713278
3,134,0.612779
3,135,0.665753
3,136,0.852580
3,137,0.718703
3,138,0.678350
3,139,0.574005
3,140,0.709497
3,141,0.737985
3,142,0.687104
3,143,0.611803
3,144,0.772794
3,145,0.755590
3,146,0.686524
3,147,0.625329
3,148,0.657927
3,149,0.684344
3,150,0.606735
4,1,0.091469
4,2,0.046811
4,3,0.034572
4,5,0.091469
4,6,0.164595
4,7,0.046811
4,8,0.070570
4,9,0.042342
4,10,0.044632
4,11,0.141139
4,12,0.052810
4,13,0.037342
4,14,0.073338
4,15,0.215902
4,16,0.242004
4,17,0.164595
4,18,0.092551
4,19,0.186710
4,20,0.122230
4,21,0.123849
4,22,0.113790
4,23,0.099801
4,24,0.091469
4,25,0.076006
4,26,0.059880
4,27,0.077305
4,28,0.101777
4,29,0.095725
4,30,0.024446
4,31,0.031560
4,32,0.123849
4,33,0.165199
4,34,0.201093
4,35,0.044632
4,36,0.071967
4,37,0.141843
4,38,0.044632
4,39,0.042342
4,40,0.082298
4,41,0.085852
4,42,0.118086
4,43,0.042342
4,44,0.098798
4,45,0.136840
4,46,0.037342
4,47,0.122230
4,48,0.019960
4,49,0.130124
4,50,0.064678
4,51,0.589584
4,52,0.526962
4,53,0.607719
4,54,0.421296
4,55,0.546630
4,56,0.478835
4,57,0.548994
4,58,0.298068
4,59,0.544073
4,60,0.392154
4,61,0.346007
4,62,0.461247
4,63,0.438669
4,64,0.527529
4,65,0.364238
4,66,0.532976
4,67,0.482771
4,68,0.423418
4,69,0.529226
4,70,0.397452
4,71,0.549357
4,72,0.441836
4,73,0.573311
4,74,0.520113
4,75,0.495598
4,76,0.525448
4,77,0.586366
4,78,0.613916
4,79,0.502781
4,80,0.348589
4,81,0.383941
4,82,0.367505
4,83,0.408086
4,84,0.582617
4,85,0.475286
4,86,0.509081
4,87,0.570524
4,88,0.511813
4,89,0.422947
4,90,0.414623
4,91,0.456690
4,92,0.514917
4,93,0.422004
4,94,0.305331
4,95,0.438669
4,96,0.435250
4,97,0.440708
4,98,0.481738
4,99,0.270384
4,100,0.429722
4,101,0.753081
4,102,0.589584
4,103,0.763067
4,104,0.666501
4,105,0.721193
4,106,0.877224
4,107,0.482771
4,108,0.809924
4,109,0.717177
4,110,0.816415
4,111,0.628348
4,112,0.642610
4,113,0.698034
4,114,0.582959
4,115,0.620532
4,116,0.663505
4,117,0.664705
4,118,0.905274
4,119,0.930129
4,120,0.576948
4,121,0.738120
4,122,0.562613
4,123,0.892420
4,124,0.584835
4,125,0.715508
4,126,0.767622
4,127,0.566319
4,128,0.571222
4,129,0.687828
4,130,0.736363
4,131,0.798155
4,132,0.877224
4,133,0.693453
4,134,0.592617
4,135,0.642920
4,136,0.837255
4,137,0.700455
4,138,0.658986
4,139,0.554230
4,140,0.693022
4,141,0.720502
4,142,0.671859
4,143,0.589584
4,144,0.755063
4,145,0.738524
4,146,0.669780
4,147,0.605256
4,148,0.639814
4,149,0.666052
4,150,0.585686
5,1,0.019960
5,2,0.085852
5,3,0.071967
5,4,0.091469
5,6,0.087004
5,7,0.064678
5,8,0.031560
5,9,0.130124
5,10,0.074684
5,11,0.059880
5,12,0.048892
5,13,0.090373
5,14,0.137566
5,15,0.129356
5,16,0.153317
5,17,0.077305
5,18,0.024446
5,19,0.112026
5,20,0.037342
5,21,0.076006
5,22,0.037342
5,23,0.079840
5,24,0.074684
5,25,0.081078
5,26,0.089264
5,27,0.048892
5,28,0.034572
5,29,0.039920
5,30,0.076006
5,31,0.081078
5,32,0.070570
5,33,0.078583
5,34,0.110233
5,35,0.074684
5,36,0.063119
5,37,0.073338
5,38,0.074684
5,39,0.120590
5,40,0.034572
5,41,0.024446
5,42,0.197595
5,43,0.102751
5,44,0.064678
5,45,0.082298
5,46,0.090373
5,47,0.042342
5,48,0.079840
5,49,0.046811
5,50,0.042342
5,51,0.573137
5,52,0.517040
5,53,0.595468
5,54,0.444309
5,55,0.543341
5,56,0.487901
5,57,0.539847
5,58,0.336966
5,59,0.537443
5,60,0.412455
5,61,0.389350
5,62,0.461679
5,63,0.454285
5,64,0.528661
5,65,0.370743
5,66,0.520113
5,67,0.489328
5,68,0.432264
5,69,0.541136
5,70,0.414623
5,71,0.548268
5,72,0.442287
5,73,0.579188
5,74,0.523168
5,75,0.490345
5,76,0.515883
5,77,0.579875
5,78,0.606407
5,79,0.504758
5,80,0.360942
5,81,0.405638
5,82,0.389606
5,83,0.416301
5,84,0.589753
5,85,0.485240
5,86,0.501194
5,87,0.559596
5,88,0.520305
5,89,0.428562
5,90,0.433415
5,91,0.473396
5,92,0.513755
5,93,0.432725
5,94,0.343986
5,95,0.451205
5,96,0.439349
5,97,0.446991
5,98,0.479666
5,99,0.302381
5,100,0.437987
5,101,0.749900
5,102,0.599302
5,103,0.755194
5,104,0.667695
5,105,0.719257
5,106,0.867404
5,107,0.510449
5,108,0.802759
5,109,0.719949
5,110,0.801145
5,111,0.620692
5,112,0.644777
5,113,0.691727
5,114,0.597138
5,115,0.628189
5,116,0.658079
5,117,0.661701
5,118,0.886148
5,119,0.924974
5,120,0.592281
5,121,0.728886
5,122,0.573137
5,123,0.884348
5,124,0.587214
5,125,0.706825
5,126,0.756381
5,127,0.568075
5,128,0.571222
5,129,0.689275
5,130,0.726833
5,131,0.790632
5,132,0.854913
5,133,0.694887
5,134,0.593960
5,135,0.651232
5,136,0.824790
5,137,0.694457
5,138,0.655653
5,139,0.555308
5,140,0.683762
5,141,0.714394
5,142,0.661400
5,143,0.599302
5,144,0.747639
5,145,0.730115
5,146,0.663505
5,147,0.611151
5,148,0.635754
5,149,0.660345
5,150,0.589077
6,1,0.087004
6,2,0.153965
6,3,0.153317
6,4,0.164595
6,5,0.087004
6,7,0.140432
6,8,0.098798
6,9,0.205986
6,10,0.142544
6,11,0.048892
6,12,0.114662
6,13,0.163989
6,14,0.221818
6,15,0.095725
6,16,0.087004
6,17,0.056456
6,18,0.083499
6,19,0.046811
6,20,0.054663
6,21,0.076006
6,22,0.058193
6,23,0.158429
6,24,0.095725
6,25,0.117239
6,26,0.142544
6,27,0.091469
6,28,0.074684
6,29,0.091469
6,30,0.143241
6,31,0.144625
6,32,0.076006
6,33,0.064678
6,34,0.067688
6,35,0.142544
6,36,0.136840
6,37,0.085852
6,38,0.142544
6,39,0.200100
6,40,0.091469
6,41,0.098798
6,42,0.265552
6,43,0.183481
6,44,0.085852
6,45,0.052810
6,46,0.159056
6,47,0.054663
6,48,0.158429
6,49,0.050889
6,50,0.113790
6,51,0.509863
6,52,0.458214
6,53,0.534469
6,54,0.415583
6,55,0.489735
6,56,0.445205
6,57,0.480910
6,58,0.328585
6,59,0.481945
6,60,0.381860
6,61,0.383162
6,62,0.411972
6,63,0.421059
6,64,0.478419
6,65,0.329795
6,66,0.459950
6,67,0.444085
6,68,0.392154
6,69,0.500597
6,70,0.382120
6,71,0.495196
6,72,0.394181
6,73,0.532228
6,74,0.475286
6,75,0.436620
6,76,0.458214
6,77,0.523929
6,78,0.548086
6,79,0.455380
6,80,0.327370
6,81,0.377663
6,82,0.363143
6,83,0.375547
6,84,0.542974
6,85,0.443187
6,86,0.443860
6,87,0.499801
6,88,0.478002
6,89,0.384459
6,90,0.400945
6,91,0.437987
6,92,0.461895
6,93,0.393675
6,94,0.335187
6,95,0.412455
6,96,0.393928
6,97,0.402928
6,98,0.428329
6,99,0.290281
6,100,0.395946
6,101,0.692446
6,102,0.554051
6,103,0.694744
6,104,0.614888
6,105,0.663055
6,106,0.805237
6,107,0.483595
6,108,0.743230
6,109,0.668292
6,110,0.734738
6,111,0.561373
6,112,0.592953
6,113,0.632770
6,114,0.555666
6,115,0.580733
6,116,0.599801
6,117,0.605749
6,118,0.817391
6,119,0.865795
6,120,0.552971
6,121,0.667247
6,122,0.529037
6,123,0.823703
6,124,0.536515
6,125,0.645857
6,126,0.694027
6,127,0.517040
6,128,0.518579
6,129,0.636067
6,130,0.666501
6,131,0.730933
6,132,0.784689
6,133,0.641525
6,134,0.542790
6,135,0.605256
6,136,0.760975
6,137,0.635441
6,138,0.599469
6,139,0.503771
6,140,0.622775
6,141,0.655045
6,142,0.599801
6,143,0.554051
6,144,0.687104
6,145,0.668887
6,146,0.604762
6,147,0.562967
6,148,0.579016
6,149,0.601956
6,150,0.538923
7,1,0.073338
7,2,0.071967
7,3,0.037342
7,4,0.046811
7,5,0.064678
7,6,0.140432
7,8,0.059880
7,9,0.077305
7,10,0.067688
7,11,0.122230
7,12,0.042342
7,13,0.069144
7,14,0.087004
7,15,0.191970
7,16,0.210766
7,17,0.134638
7,18,0.071967
7,19,0.170539
7,20,0.091469
7,21,0.121413
7,22,0.084684
7,23,0.064678
7,24,0.088142
7,25,0.077305
7,26,0.085852
7,27,0.064678
7,28,0.088142
7,29,0.085852
7,30,0.044632
7,31,0.059880
7,32,0.114662
7,33,0.133897
7,34,0.170539
7,35,0.067688
7,36,0.070570
7,37,0.129356
7,38,0.067688
7,39,0.066200
7,40,0.073338
7,41,0.059880
7,42,0.156531
7,43,0.044632
7,44,0.077305
7,45,0.115528
7,46,0.063119
7,47,0.095725
7,48,0.031560
7,49,0.109326
7,50,0.059880
7,51,0.597138
7,52,0.534283
7,53,0.616344
7,54,0.441385
7,55,0.558348
7,56,0.492574
7,57,0.555308
7,58,0.321538
7,59,0.555487
7,60,0.406863
7,61,0.373953
7,62,0.470864
7,63,0.460599
7,64,0.539293
7,65,0.375813
7,66,0.541321
7,67,0.493181
7,68,0.439803
7,69,0.547541
7,70,0.416301
7,71,0.556383
7,72,0.454504
7,73,0.588570
7,74,0.533910
7,75,0.506924
7,76,0.535028
7,77,0.598304
7,78,0.623095
7,79,0.513949
7,80,0.366691
7,81,0.404408
7,82,0.388838
7,83,0.423183
7,84,0.595969
7,85,0.485856
7,86,0.513949
7,87,0.579016
7,88,0.529978
7,89,0.433874
7,90,0.432264
7,91,0.473606
7,92,0.525448
7,93,0.438442
7,94,0.330097
7,95,0.453626
7,96,0.446768
7,97,0.452967
7,98,0.493383
7,99,0.291308
7,100,0.443187
7,101,0.758747
7,102,0.601790
7,103,0.771763
7,104,0.677322
7,105,0.729842
7,106,0.886373
7,107,0.498404
7,108,0.820553
7,109,0.731069
7,110,0.819703
7,111,0.634813
7,112,0.654436
7,113,0.706402
7,114,0.596637
7,115,0.629614
7,116,0.669334
7,117,0.674374
7,118,0.908898
7,119,0.941517
7,120,0.595468
7,121,0.744435
7,122,0.573311
7,123,0.903182
7,124,0.596804
7,125,0.721745
7,126,0.775753
7,127,0.577293
7,128,0.580390
7,129,0.698319
7,130,0.746439
7,131,0.808939
7,132,0.880737
7,133,0.703577
7,134,0.605091
7,135,0.658079
7,136,0.845188
7,137,0.704849
7,138,0.667844
7,139,0.563321
7,140,0.700313
7,141,0.727244
7,142,0.677910
7,143,0.601790
7,144,0.761760
7,145,0.743498
7,146,0.677028
7,147,0.618764
7,148,0.648320
7,149,0.670375
7,150,0.595300
8,1,0.024446
8,2,0.059880
8,3,0.058193
8,4,0.070570
8,5,0.031560
8,6,0.098798
8,7,0.059880
8,9,0.111133
8,10,0.046811
8,11,0.070570
8,12,0.031560
8,13,0.066200
8,14,0.127807
8,15,0.147354
8,16,0.174580
8,17,0.098798
8,18,0.028228
8,19,0.118086
8,20,0.059880
8,21,0.063119
8,22,0.052810
8,23,0.094679
8,24,0.054663
8,25,0.063119
8,26,0.058193
8,27,0.031560
8,28,0.031560
8,29,0.031560
8,30,0.052810
8,31,0.052810
8,32,0.063119
8,33,0.103716
8,34,0.133897
8,35,0.046811
8,36,0.050889
8,37,0.077305
8,38,0.046811
8,39,0.105619
8,40,0.014114
8,41,0.034572
8,42,0.173435
8,43,0.093621
8,44,0.059880
8,45,0.085852
8,46,0.066200
8,47,0.059880
8,48,0.064678
8,49,0.059880
8,50,0.019960
8,51,0.559596
8,52,0.502781
8,53,0.581076
8,54,0.421532
8,55,0.526395
8,56,0.469381
8,57,0.526206
8,58,0.312106
8,59,0.521070
8,60,0.392408
8,61,0.362594
8,62,0.445205
8,63,0.431111
8,64,0.511618
8,65,0.352283
8,66,0.505547
8,67,0.472553
8,68,0.412214
8,69,0.519922
8,70,0.392662
8,71,0.533723
8,72,0.424123
8,73,0.560129
8,74,0.505153
8,75,0.473606
8,76,0.500398
8,77,0.563321
8,78,0.591271
8,79,0.487697
8,80,0.339028
8,81,0.382641
8,82,0.366147
8,83,0.396448
8,84,0.571745
8,85,0.468319
8,86,0.488106
8,87,0.544988
8,88,0.499402
8,89,0.411246
8,90,0.411972
8,91,0.452967
8,92,0.497404
8,93,0.412214
8,94,0.318425
8,95,0.431573
8,96,0.422004
8,97,0.429027
8,98,0.462541
8,99,0.278012
8,100,0.419163
8,101,0.736634
8,102,0.581590
8,103,0.740679
8,104,0.651538
8,105,0.704284
8,106,0.853164
8,107,0.490345
8,108,0.787603
8,109,0.702159
8,110,0.790002
8,111,0.606899
8,112,0.627713
8,113,0.677028
8,114,0.578327
8,115,0.611966
8,116,0.644468
8,117,0.646320
8,118,0.875633
8,119,0.909227
8,120,0.571222
8,121,0.715508
8,122,0.556025
8,123,0.869240
8,124,0.569826
8,125,0.693596
8,126,0.742693
8,127,0.551167
8,128,0.555487
8,129,0.673044
8,130,0.712020
8,131,0.775239
8,132,0.844716
8,133,0.678791
8,134,0.576775
8,135,0.632770
8,136,0.811030
8,137,0.681865
8,138,0.640748
8,139,0.539477
8,140,0.669780
8,141,0.700455
8,142,0.647859
8,143,0.581590
8,144,0.734060
8,145,0.717316
8,146,0.649088
8,147,0.592785
8,148,0.620692
8,149,0.647705
8,150,0.573137
9,1,0.130124
9,2,0.071967
9,3,0.061521
9,4,0.042342
9,5,0.130124
9,6,0.205986
9,7,0.077305
9,8,0.111133
9,10,0.078583
9,11,0.181297
9,12,0.094679
9,13,0.059880
9,14,0.048892
9,15,0.252872
9,16,0.281926
9,17,0.202081
9,18,0.130887
9,19,0.227580
9,20,0.162157
9,21,0.163381
9,22,0.153317
9,23,0.117239
9,24,0.128584
9,25,0.114662
9,26,0.090373
9,27,0.117239
9,28,0.141843
9,29,0.133151
9,30,0.066200
9,31,0.069144
9,32,0.160924
9,33,0.204530
9,34,0.240352
9,35,0.078583
9,36,0.098798
9,37,0.177409
9,38,0.078583
9,39,0.019960
9,40,0.122230
9,41,0.121413
9,42,0.088142
9,43,0.044632
9,44,0.135376
9,45,0.177970
9,46,0.059880
9,47,0.163381
9,48,0.050889
9,49,0.170539
9,50,0.101777
9,51,0.618119
9,52,0.553691
9,53,0.634813
9,54,0.435936
9,55,0.570699
9,56,0.499402
9,57,0.575392
9,58,0.307606
9,59,0.569651
9,60,0.408330
9,61,0.352001
9,62,0.484624
9,63,0.456254
9,64,0.550624
9,65,0.386268
9,66,0.560485
9,67,0.503968
9,68,0.444757
9,69,0.547177
9,70,0.415343
9,71,0.572615
9,72,0.465332
9,73,0.593960
9,74,0.542790
9,75,0.520879
9,76,0.551889
9,77,0.611477
9,78,0.639191
9,79,0.525448
9,80,0.368857
9,81,0.399950
9,82,0.383681
9,83,0.429259
9,84,0.602948
9,85,0.495196
9,86,0.535214
9,87,0.597305
9,88,0.531479
9,89,0.445205
9,90,0.431342
9,91,0.474447
9,92,0.538923
9,93,0.442061
9,94,0.314649
9,95,0.457997
9,96,0.458214
9,97,0.462541
9,98,0.506138
9,99,0.282984
9,100,0.450763
9,101,0.775881
9,102,0.608374
9,103,0.787856
9,104,0.688696
9,105,0.743899
9,106,0.902630
9,107,0.494391
9,108,0.834753
9,109,0.738390
9,110,0.843418
9,111,0.653370
9,112,0.664105
9,113,0.722297
9,114,0.599635
9,115,0.639036
9,116,0.687249
9,117,0.688407
9,118,0.933976
9,119,0.953501
9,120,0.593793
9,121,0.763197
9,122,0.580905
9,123,0.917189
9,124,0.606407
9,125,0.740814
9,126,0.794027
9,127,0.588231
9,128,0.593960
9,129,0.709357
9,130,0.762283
9,131,0.822856
9,132,0.907033
9,133,0.714812
9,134,0.615212
9,135,0.662904
9,136,0.863145
9,137,0.724363
9,138,0.682887
9,139,0.576602
9,140,0.718287
9,141,0.744301
9,142,0.697034
9,143,0.608374
9,144,0.779595
9,145,0.763067
9,146,0.693596
9,147,0.625169
9,148,0.663505
9,149,0.689997
9,150,0.607227
10,1,0.066200
10,2,0.024446
10,3,0.044632
10,4,0.044632
10,5,0.074684
10,6,0.142544
10,7,0.067688
10,8,0.046811
10,9,0.078583
10,11,0.111133
10,12,0.048892
10,13,0.024446
10,14,0.102751
10,15,0.185103
10,16,0.219561
10,17,0.142544
10,18,0.070570
10,19,0.155253
10,20,0.106558
10,21,0.088142
10,22,0.098798
10,23,0.109326
10,24,0.074684
10,25,0.073338
10,26,0.028228
10,27,0.063119
10,28,0.071967
10,29,0.063119
10,30,0.037342
10,31,0.024446
10,32,0.092551
10,33,0.147354
10,34,0.177970
10,35,0.000000
10,36,0.048892
10,37,0.106558
10,38,0.000000
10,39,0.078583
10,40,0.052810
10,41,0.070570
10,42,0.132400
10,43,0.078583
10,44,0.092551
10,45,0.124651
10,46,0.037342
10,47,0.104672
10,48,0.048892
10,49,0.102751
10,50,0.037342
10,51,0.570699
10,52,0.513173
10,53,0.590766
10,54,0.416062
10,55,0.532228
10,56,0.471710
10,57,0.537257
10,58,0.300730
10,59,0.527718
10,60,0.391646
10,61,0.346583
10,62,0.452087
10,63,0.425296
10,64,0.516848
10,65,0.356499
10,66,0.515497
10,67,0.477794
10,68,0.412455
10,69,0.517810
10,70,0.389350
10,71,0.542790
10,72,0.428562
10,73,0.561728
10,74,0.508494
10,75,0.480081
10,76,0.508885
10,77,0.569476
10,78,0.599801
10,79,0.493181
10,80,0.336966
10,81,0.377135
10,82,0.359836
10,83,0.397703
10,84,0.574699
10,85,0.472764
10,86,0.500000
10,87,0.554590
10,88,0.498004
10,89,0.416301
10,90,0.409304
10,91,0.451425
10,92,0.503968
10,93,0.411972
10,94,0.305983
10,95,0.432264
10,96,0.426932
10,97,0.432955
10,98,0.468319
10,99,0.269646
10,100,0.421768
10,101,0.746973
10,102,0.584835
10,103,0.749635
10,104,0.657473
10,105,0.712299
10,106,0.862106
10,107,0.487289
10,108,0.795029
10,109,0.705414
10,110,0.804123
10,111,0.617475
10,112,0.632613
10,113,0.685943
10,114,0.579531
10,115,0.617636
10,116,0.655045
10,117,0.653827
10,118,0.890186
10,119,0.915667
10,120,0.568601
10,121,0.726422
10,122,0.560129
10,123,0.876656
10,124,0.574526
10,125,0.704567
10,126,0.752684
10,127,0.556741
10,128,0.562790
10,129,0.679084
10,130,0.720226
10,131,0.782528
10,132,0.859792
10,133,0.685071
10,134,0.581419
10,135,0.634185
10,136,0.821159
10,137,0.693596
10,138,0.648934
10,139,0.546630
10,140,0.679964
10,141,0.710479
10,142,0.658986
10,143,0.584835
10,144,0.744435
10,145,0.729023
10,146,0.658684
10,147,0.595635
10,148,0.629140
10,149,0.659440
10,150,0.579531
11,1,0.052810
11,2,0.122230
11,3,0.124651
11,4,0.141139
11,5,0.059880
11,6,0.048892
11,7,0.122230
11,8,0.070570
11,9,0.181297
11,10,0.111133
11,12,0.095725
11,13,0.131646
11,14,0.193005
11,15,0.082298
11,16,0.111133
11,17,0.048892
11,18,0.054663
11,19,0.054663
11,20,0.046811
11,21,0.050889
11,22,0.050889
11,23,0.133897
11,24,0.087004
11,25,0.110233
11,26,0.114662
11,27,0.077305
11,28,0.039920
11,29,0.052810
11,30,0.122230
11,31,0.120590
11,32,0.050889
11,33,0.064678
11,34,0.073338
11,35,0.111133
11,36,0.099801
11,37,0.042342
11,38,0.111133
11,39,0.174580
11,40,0.059880
11,41,0.070570
11,42,0.237013
11,43,0.160303
11,44,0.085852
11,45,0.077305
11,46,0.131646
11,47,0.046811
11,48,0.133897
11,49,0.014114
11,50,0.081078
11,51,0.537257
11,52,0.487697
11,53,0.562082
11,54,0.433415
11,55,0.515110
11,56,0.470441
11,57,0.512202
11,58,0.340494
11,59,0.506924
11,60,0.405146
11,61,0.391391
11,62,0.440029
11,63,0.435021
11,64,0.505153
11,65,0.354257
11,66,0.486880
11,67,0.472764
11,68,0.412938
11,69,0.520113
11,70,0.400448
11,71,0.527151
11,72,0.417734
11,73,0.555666
11,74,0.499801
11,75,0.461463
11,76,0.484419
11,77,0.548449
11,78,0.576429
11,79,0.482565
11,80,0.343986
11,81,0.394181
11,82,0.378190
11,83,0.397201
11,84,0.569476
11,85,0.471921
11,86,0.476750
11,87,0.527718
11,88,0.496803
11,89,0.411488
11,90,0.421296
11,91,0.460166
11,92,0.489532
11,93,0.414383
11,94,0.345719
11,95,0.435936
11,96,0.420349
11,97,0.428794
11,98,0.453626
11,99,0.302381
11,100,0.420349
11,101,0.726696
11,102,0.582104
11,103,0.724500
11,104,0.644004
11,105,0.694170
11,106,0.834395
11,107,0.507709
11,108,0.771117
11,109,0.694027
11,110,0.769177
11,111,0.593121
11,112,0.620532
11,113,0.662904
11,114,0.582275
11,115,0.611477
11,116,0.632770
11,117,0.635284
11,118,0.850826
11,119,0.893424
11,120,0.574179
11,121,0.699317
11,122,0.558348
11,123,0.851294
11,124,0.563321
11,125,0.678350
11,126,0.723812
11,127,0.544805
11,128,0.548449
11,129,0.665454
11,130,0.694027
11,131,0.758222
11,132,0.817025
11,133,0.671266
11,134,0.569301
11,135,0.630405
11,136,0.790254
11,137,0.670226
11,138,0.629931
11,139,0.533723
11,140,0.653370
11,141,0.687104
11,142,0.630879
11,143,0.582104
11,144,0.719395
11,145,0.702585
11,146,0.635597
11,147,0.588570
11,148,0.609193
11,149,0.636693
11,150,0.569126
12,1,0.052810
12,2,0.064678
12,3,0.052810
12,4,0.052810
12,5,0.048892
12,6,0.114662
12,7,0.042342
12,8,0.031560
12,9,0.094679
12,10,0.048892
12,11,0.095725
12,13,0.064678
12,14,0.115528
12,15,0.174008
12,16,0.192488
12,17,0.121413
12,18,0.054663
12,19,0.140432
12,20,0.073338
12,21,0.085852
12,22,0.067688
12,23,0.093621
12,24,0.063119
12,25,0.042342
12,26,0.063119
12,27,0.039920
12,28,0.059880
12,29,0.063119
12,30,0.031560
12,31,0.042342
12,32,0.090373
12,33,0.115528
12,34,0.152666
12,35,0.048892
12,36,0.069144
12,37,0.108411
12,38,0.048892
12,39,0.090373
12,40,0.044632
12,41,0.054663
12,42,0.166998
12,43,0.076006
12,44,0.064678
12,45,0.087004
12,46,0.064678
12,47,0.070570
12,48,0.048892
12,49,0.083499
12,50,0.042342
12,51,0.563321
12,52,0.502979
12,53,0.583300
12,54,0.415583
12,55,0.526962
12,56,0.463616
12,57,0.524879
12,58,0.300730
12,59,0.522406
12,60,0.383421
12,61,0.352848
12,62,0.442287
12,63,0.429954
12,64,0.508689
12,65,0.348589
12,66,0.508494
12,67,0.465974
12,68,0.408573
12,69,0.518579
12,70,0.387812
12,71,0.529037
12,72,0.423888
12,73,0.558170
12,74,0.502186
12,75,0.474657
12,76,0.502583
12,77,0.565263
12,78,0.591776
12,79,0.484624
12,80,0.336966
12,81,0.377135
12,82,0.360942
12,83,0.393675
12,84,0.567022
12,85,0.459950
12,86,0.485035
12,87,0.546630
12,88,0.499203
12,89,0.405638
12,90,0.405883
12,91,0.445652
12,92,0.494794
12,93,0.409061
12,94,0.308576
12,95,0.425764
12,96,0.417018
12,97,0.424123
12,98,0.461895
12,99,0.270384
12,100,0.414623
12,101,0.732158
12,102,0.575565
12,103,0.740814
12,104,0.647705
12,105,0.701308
12,106,0.853981
12,107,0.478210
12,108,0.787730
12,109,0.700313
12,110,0.790128
12,111,0.605749
12,112,0.625329
12,113,0.676586
12,114,0.571919
12,115,0.606242
12,116,0.642145
12,117,0.644004
12,118,0.876656
12,119,0.909774
12,120,0.566846
12,121,0.715091
12,122,0.548994
12,123,0.870270
12,124,0.567900
12,125,0.692015
12,126,0.743096
12,127,0.548813
12,128,0.552070
12,129,0.669929
12,130,0.712998
12,131,0.776395
12,132,0.847424
12,133,0.675702
12,134,0.574179
12,135,0.627555
12,136,0.813604
12,137,0.678204
12,138,0.637788
12,139,0.535586
12,140,0.670226
12,141,0.699174
12,142,0.649241
12,143,0.575565
12,144,0.732566
12,145,0.715787
12,146,0.648934
12,147,0.590597
12,148,0.619246
12,149,0.643849
12,150,0.567724
13,1,0.083499
13,2,0.019960
13,3,0.037342
13,4,0.037342
13,5,0.090373
13,6,0.163989
13,7,0.069144
13,8,0.066200
13,9,0.059880
13,10,0.024446
13,11,0.131646
13,12,0.064678
13,14,0.082298
13,15,0.202081
13,16,0.239105
13,17,0.159056
13,18,0.087004
13,19,0.177409
13,20,0.124651
13,21,0.111133
13,22,0.116386
13,23,0.106558
13,24,0.092551
13,25,0.091469
13,26,0.042342
13,27,0.081078
13,28,0.092551
13,29,0.081078
13,30,0.044632
13,31,0.034572
13,32,0.111133
13,33,0.165801
13,34,0.196584
13,35,0.024446
13,36,0.050889
13,37,0.123042
13,38,0.024446
13,39,0.059880
13,40,0.073338
13,41,0.082298
13,42,0.112026
13,43,0.066200
13,44,0.107489
13,45,0.145996
13,46,0.028228
13,47,0.124651
13,48,0.042342
13,49,0.123042
13,50,0.052810
13,51,0.589753
13,52,0.531292
13,53,0.609193
13,54,0.427631
13,55,0.548994
13,56,0.486880
13,57,0.555308
13,58,0.308899
13,59,0.545353
13,60,0.403915
13,61,0.353131
13,62,0.468319
13,63,0.438442
13,64,0.533350
13,65,0.371548
13,66,0.533910
13,67,0.493181
13,68,0.427864
13,69,0.531292
13,70,0.402680
13,71,0.559240
13,72,0.444757
13,73,0.576948
13,74,0.524879
13,75,0.497404
13,76,0.526773
13,77,0.586875
13,78,0.617313
13,79,0.509276
13,80,0.351151
13,81,0.389350
13,82,0.372084
13,83,0.412697
13,84,0.589922
13,85,0.487493
13,86,0.517810
13,87,0.572789
13,88,0.512396
13,89,0.432034
13,90,0.422004
13,91,0.465118
13,92,0.520879
13,93,0.426465
13,94,0.314015
13,95,0.446545
13,96,0.443187
13,97,0.448548
13,98,0.485240
13,99,0.278728
13,100,0.436849
13,101,0.763458
13,102,0.599136
13,103,0.767102
13,104,0.673783
13,105,0.728749
13,106,0.880058
13,107,0.497604
13,108,0.812747
13,109,0.721193
13,110,0.822614
13,111,0.634813
13,112,0.648320
13,113,0.703010
13,114,0.592617
13,115,0.631510
13,116,0.671711
13,117,0.670820
13,118,0.909774
13,119,0.932588
13,120,0.581932
13,121,0.743899
13,122,0.574005
13,123,0.894316
13,124,0.590091
13,125,0.722297
13,126,0.771117
13,127,0.572441
13,128,0.579016
13,129,0.694887
13,130,0.738390
13,131,0.800025
13,132,0.879832
13,133,0.700740
13,134,0.597805
13,135,0.649548
13,136,0.839038
13,137,0.710479
13,138,0.666052
13,139,0.562613
13,140,0.697463
13,141,0.727244
13,142,0.676144
13,143,0.599136
13,144,0.761760
13,145,0.746172
13,146,0.675260
13,147,0.610336
13,148,0.645857
13,149,0.676292
13,150,0.595300
14,1,0.140432
14,2,0.095725
14,3,0.070570
14,4,0.073338
14,5,0.137566
14,6,0.221818
14,7,0.087004
14,8,0.127807
14,9,0.048892
14,10,0.102751
14,11,0.193005
14,12,0.115528
14,13,0.082298
14,15,0.255224
14,16,0.288215
14,17,0.206951
14,18,0.142544
14,19,0.244461
14,20,0.171703
14,21,0.186176
14,22,0.165801
14,23,0.096760
14,24,0.157799
14,25,0.145312
14,26,0.122230
14,27,0.140432
14,28,0.156531
14,29,0.145996
14,30,0.095725
14,31,0.101777
14,32,0.179641
14,33,0.208390
14,34,0.243644
14,35,0.102751
14,36,0.104672
14,37,0.186176
14,38,0.102751
14,39,0.034572
14,40,0.139006
14,41,0.127807
14,42,0.110233
14,43,0.044632
14,44,0.157166
14,45,0.200100
14,46,0.087004
14,47,0.175149
14,48,0.067688
14,49,0.181845
14,50,0.116386
14,51,0.661701
14,52,0.598304
14,53,0.679377
14,54,0.484419
14,55,0.616668
14,56,0.546630
14,57,0.620050
14,58,0.356220
14,59,0.615050
14,60,0.455817
14,61,0.400697
14,62,0.530541
14,63,0.503968
14,64,0.597138
14,65,0.432495
14,66,0.604597
14,67,0.550444
14,68,0.491967
14,69,0.594966
14,70,0.463402
14,71,0.618119
14,72,0.511423
14,73,0.641369
14,74,0.589584
14,75,0.566319
14,76,0.596637
14,77,0.657018
14,78,0.684635
14,79,0.571919
14,80,0.416062
14,81,0.448326
14,82,0.432034
14,83,0.476332
14,84,0.650314
14,85,0.541688
14,86,0.579531
14,87,0.641990
14,88,0.578843
14,89,0.491562
14,90,0.479459
14,91,0.522406
14,92,0.585005
14,93,0.489532
14,94,0.363417
14,95,0.505547
14,96,0.504561
14,97,0.509276
14,98,0.552070
14,99,0.331001
14,100,0.497804
14,101,0.821281
14,102,0.655653
14,103,0.833559
14,104,0.735416
14,105,0.790128
14,106,0.948263
14,107,0.541688
14,108,0.880737
14,109,0.785704
14,110,0.887384
14,111,0.698462
14,112,0.711040
14,113,0.768011
14,114,0.647244
14,115,0.685362
14,116,0.732430
14,117,0.734603
14,118,0.977537
14,119,1.000000
14,120,0.642145
14,121,0.808323
14,122,0.627713
14,123,0.963166
14,124,0.653218
14,125,0.785957
14,126,0.839156
14,127,0.634813
14,128,0.640126
14,129,0.756117
14,130,0.807707
14,131,0.868781
14,132,0.949942
14,133,0.761499
14,134,0.662002
14,135,0.710479
14,136,0.908131
14,137,0.769177
14,138,0.728886
14,139,0.622775
14,140,0.763458
14,141,0.789750
14,142,0.741620
14,143,0.655653
14,144,0.825032
14,145,0.807953
14,146,0.738929
14,147,0.672452
14,148,0.709357
14,149,0.734738
14,150,0.653675
15,1,0.124651
15,2,0.191970
15,3,0.192488
15,4,0.215902
15,5,0.129356
15,6,0.095725
15,7,0.191970
15,8,0.147354
15,9,0.252872
15,10,0.185103
15,11,0.082298
15,12,0.174008
15,13,0.202081
15,14,0.255224
15,16,0.077305
15,17,0.066200
15,18,0.125447
15,19,0.078583
15,20,0.112026
15,21,0.123849
15,22,0.118926
15,23,0.180747
15,24,0.162157
15,25,0.191970
15,26,0.189358
15,27,0.154610
15,28,0.118086
15,29,0.123042
15,30,0.200100
15,31,0.198099
15,32,0.113790
15,33,0.096760
15,34,0.058193
15,35,0.185103
15,36,0.159681
15,37,0.083499
15,38,0.185103
15,39,0.243235
15,40,0.136840
15,41,0.134638
15,42,0.302710
15,43,0.228018
15,44,0.155253
15,45,0.145312
15,46,0.202081
15,47,0.117239
15,48,0.205502
15,49,0.092551
15,50,0.152666
15,51,0.560485
15,52,0.520113
15,53,0.588739
15,54,0.489532
15,55,0.549900
15,56,0.519539
15,57,0.545719
15,58,0.409547
15,59,0.539662
15,60,0.463402
15,61,0.458866
15,62,0.482771
15,63,0.484007
15,64,0.546448
15,65,0.404654
15,66,0.514723
15,67,0.520879
15,68,0.462541
15,69,0.564204
15,70,0.454942
15,71,0.567549
15,72,0.459083
15,73,0.596804
15,74,0.542607
15,75,0.496803
15,76,0.515110
15,77,0.579188
15,78,0.607063
15,79,0.524879
15,80,0.396700
15,81,0.451205
15,82,0.435936
15,83,0.445875
15,84,0.613591
15,85,0.523168
15,86,0.513755
15,87,0.556741
15,88,0.539108
15,89,0.460815
15,90,0.476332
15,91,0.514530
15,92,0.529790
15,93,0.463831
15,94,0.413420
15,95,0.487697
15,96,0.468319
15,97,0.477168
15,98,0.492777
15,99,0.367776
15,100,0.469593
15,101,0.760975
15,102,0.627872
15,103,0.752023
15,104,0.682449
15,105,0.728613
15,106,0.858633
15,107,0.568075
15,108,0.798779
15,109,0.730388
15,110,0.791136
15,111,0.624532
15,112,0.658230
15,113,0.692878
15,114,0.630247
15,115,0.654284
15,116,0.665304
15,117,0.670078
15,118,0.868896
15,119,0.919791
15,120,0.621815
15,121,0.726696
15,122,0.605585
15,123,0.876202
15,124,0.601956
15,125,0.707951
15,126,0.749502
15,127,0.583983
15,128,0.587723
15,129,0.702443
15,130,0.720779
15,131,0.784562
15,132,0.831765
15,133,0.707951
15,134,0.608538
15,135,0.674670
15,136,0.811152
15,137,0.703010
15,138,0.665304
15,139,0.574352
15,140,0.680842
15,141,0.717177
15,142,0.656564
15,143,0.627872
15,144,0.748704
15,145,0.731205
15,146,0.665304
15,147,0.628506
15,148,0.642610
15,149,0.670523
15,150,0.611640
16,1,0.155894
16,2,0.229758
16,3,0.224052
16,4,0.242004
16,5,0.153317
16,6,0.087004
16,7,0.210766
16,8,0.174580
16,9,0.281926
16,10,0.219561
16,11,0.111133
16,12,0.192488
16,13,0.239105
16,14,0.288215
16,15,0.077305
16,17,0.087004
16,18,0.153965
16,19,0.090373
16,20,0.120590
16,21,0.152666
16,22,0.130124
16,23,0.206469
16,24,0.179641
16,25,0.200100
16,26,0.223161
16,27,0.172860
16,28,0.148028
16,29,0.160924
16,30,0.222714
16,31,0.225381
16,32,0.147354
16,33,0.092551
16,34,0.050889
16,35,0.219561
16,36,0.202573
16,37,0.136110
16,38,0.219561
16,39,0.272585
16,40,0.166998
16,41,0.163989
16,42,0.342826
16,43,0.252872
16,44,0.163989
16,45,0.132400
16,46,0.235749
16,47,0.123849
16,48,0.231916
16,49,0.117239
16,50,0.186710
16,51,0.535028
16,52,0.491765
16,53,0.562790
16,54,0.478835
16,55,0.528472
16,56,0.496401
16,57,0.513755
16,58,0.405146
16,59,0.518195
16,60,0.444085
16,61,0.459733
16,62,0.457344
16,63,0.479459
16,64,0.521452
16,65,0.386010
16,66,0.490954
16,67,0.492574
16,68,0.446768
16,69,0.552070
16,70,0.443411
16,71,0.534283
16,72,0.441385
16,73,0.577465
16,74,0.520496
16,75,0.476332
16,76,0.492574
16,77,0.558527
16,78,0.580218
16,79,0.500000
16,80,0.389094
16,81,0.442287
16,82,0.429027
16,83,0.430417
16,84,0.588400
16,85,0.494189
16,86,0.479251
16,87,0.530729
16,88,0.527906
16,89,0.435936
16,90,0.461895
16,91,0.495598
16,92,0.503573
16,93,0.449435
16,94,0.411488
16,95,0.468106
16,96,0.443860
16,97,0.454065
16,98,0.471287
16,99,0.365603
16,100,0.449214
16,101,0.722849
16,102,0.600630
16,103,0.722021
16,104,0.652607
16,105,0.696176
16,106,0.828646
16,107,0.545536
16,108,0.770600
16,109,0.706543
16,110,0.752949
16,111,0.592113
16,112,0.632298
16,113,0.662904
16,114,0.605749
16,115,0.623734
16,116,0.630879
16,117,0.639970
16,118,0.830686
16,119,0.892755
16,120,0.605256
16,121,0.693309
16,122,0.576602
16,123,0.848716
16,124,0.577982
16,125,0.673044
16,126,0.718287
16,127,0.558527
16,128,0.558170
16,129,0.673192
16,130,0.693453
16,131,0.758222
16,132,0.795530
16,133,0.678350
16,134,0.583471
16,135,0.650008
16,136,0.782401
16,137,0.664555
16,138,0.633400
16,139,0.544805
16,140,0.650314
16,141,0.684198
16,142,0.626443
16,143,0.600630
16,144,0.714394
16,145,0.695174
16,146,0.635284
16,147,0.606571
16,148,0.612779
16,149,0.632298
16,150,0.580562
17,1,0.077305
17,2,0.148700
17,3,0.142544
17,4,0.164595
17,5,0.077305
17,6,0.056456
17,7,0.134638
17,8,0.098798
17,9,0.202081
17,10,0.142544
17,11,0.048892
17,12,0.121413
17,13,0.159056
17,14,0.206951
17,15,0.066200
17,16,0.087004
17,18,0.073338
17,19,0.073338
17,20,0.054663
17,21,0.094679
17,22,0.058193
17,23,0.130887
17,24,0.111133
17,25,0.141843
17,26,0.148028
17,27,0.099801
17,28,0.074684
17,29,0.082298
17,30,0.148700
17,31,0.150033
17,32,0.076006
17,33,0.064678
17,34,0.054663
17,35,0.142544
17,36,0.118086
17,37,0.064678
17,38,0.142544
17,39,0.191970
17,40,0.091469
17,41,0.081078
17,42,0.259482
17,43,0.174580
17,44,0.094679
17,45,0.095725
17,46,0.153965
17,47,0.067688
17,48,0.153317
17,49,0.050889
17,50,0.106558
17,51,0.557634
17,52,0.507709
17,53,0.582959
17,54,0.461031
17,55,0.537813
17,56,0.496000
17,57,0.531292
17,58,0.369667
17,59,0.530729
17,60,0.429027
17,61,0.422712
17,62,0.461247
17,63,0.465974
17,64,0.529037
17,65,0.377135
17,66,0.507709
17,67,0.494995
17,68,0.441836
17,69,0.546266
17,70,0.429259
17,71,0.545719
17,72,0.441836
17,73,0.580905
17,74,0.526206
17,75,0.485035
17,76,0.506138
17,77,0.571919
17,78,0.596804
17,79,0.505153
17,80,0.372886
17,81,0.423418
17,82,0.408573
17,83,0.423418
17,84,0.593457
17,85,0.494189
17,86,0.494794
17,87,0.548449
17,88,0.524119
17,89,0.435021
17,90,0.447881
17,91,0.487901
17,92,0.512590
17,93,0.441385
17,94,0.375547
17,95,0.461679
17,96,0.445205
17,97,0.453187
17,98,0.477585
17,99,0.328888
17,100,0.445205
17,101,0.742425
17,102,0.603608
17,103,0.743498
17,104,0.665903
17,105,0.712859
17,106,0.854214
17,107,0.530729
17,108,0.793022
17,109,0.717732
17,110,0.783037
17,111,0.610336
17,112,0.641990
17,113,0.681281
17,114,0.603773
17,115,0.628189
17,116,0.648320
17,117,0.656260
17,118,0.866600
17,119,0.914143
17,120,0.601293
17,121,0.715648
17,122,0.577982
17,123,0.872556
17,124,0.584835
17,125,0.695747
17,126,0.743899
17,127,0.565615
17,128,0.568426
17,129,0.685507
17,130,0.716065
17,131,0.779468
17,132,0.832961
17,133,0.690574
17,134,0.593289
17,135,0.657018
17,136,0.807707
17,137,0.684926
17,138,0.650467
17,139,0.553511
17,140,0.670820
17,141,0.703152
17,142,0.645857
17,143,0.603608
17,144,0.736363
17,145,0.717177
17,146,0.651691
17,147,0.610499
17,148,0.627872
17,149,0.651538
17,150,0.589753
18,1,0.014114
18,2,0.077305
18,3,0.073338
18,4,0.092551
18,5,0.024446
18,6,0.083499
18,7,0.071967
18,8,0.028228
18,9,0.130887
18,10,0.070570
18,11,0.054663
18,12,0.054663
18,13,0.087004
18,14,0.142544
18,15,0.125447
18,16,0.153965
18,17,0.073338
18,19,0.103716
18,20,0.044632
18,21,0.063119
18,22,0.034572
18,23,0.092551
18,24,0.058193
18,25,0.084684
18,26,0.078583
18,27,0.037342
18,28,0.024446
18,29,0.024446
18,30,0.077305
18,31,0.077305
18,32,0.048892
18,33,0.091469
18,34,0.114662
18,35,0.070570
18,36,0.054663
18,37,0.059880
18,38,0.070570
18,39,0.123042
18,40,0.024446
18,41,0.019960
18,42,0.189884
18,43,0.109326
18,44,0.052810
18,45,0.083499
18,46,0.082298
18,47,0.052810
18,48,0.083499
18,49,0.044632
18,50,0.034572
18,51,0.561018
18,52,0.505547
18,53,0.583471
18,54,0.431803
18,55,0.530541
18,56,0.477794
18,57,0.529226
18,58,0.326456
18,59,0.525258
18,60,0.401938
18,61,0.377663
18,62,0.450100
18,63,0.440708
18,64,0.517810
18,65,0.358450
18,66,0.507513
18,67,0.479666
18,68,0.421296
18,69,0.527151
18,70,0.402680
18,71,0.538183
18,72,0.429259
18,73,0.566846
18,74,0.512590
18,75,0.477794
18,76,0.503177
18,77,0.567198
18,78,0.594296
18,79,0.493383
18,80,0.347730
18,81,0.393422
18,82,0.377399
18,83,0.403915
18,84,0.579016
18,85,0.476332
18,86,0.491360
18,87,0.547541
18,88,0.506531
18,89,0.418449
18,90,0.421532
18,91,0.463402
18,92,0.502979
18,93,0.420349
18,94,0.332502
18,95,0.440255
18,96,0.429491
18,97,0.436392
18,98,0.467681
18,99,0.289250
18,100,0.426699
18,101,0.739872
18,102,0.588400
18,103,0.743364
18,104,0.657322
18,105,0.708233
18,106,0.855961
18,107,0.501194
18,108,0.791640
18,109,0.708092
18,110,0.790254
18,111,0.609193
18,112,0.632770
18,113,0.679671
18,114,0.585516
18,115,0.616506
18,116,0.646628
18,117,0.650926
18,118,0.876315
18,119,0.912725
18,120,0.580218
18,121,0.717177
18,122,0.562436
18,123,0.872670
18,124,0.574699
18,125,0.696176
18,126,0.745638
18,127,0.555845
18,128,0.560129
18,129,0.677763
18,130,0.715648
18,131,0.778573
18,132,0.844716
18,133,0.683179
18,134,0.582959
18,135,0.641525
18,136,0.812011
18,137,0.684198
18,138,0.645394
18,139,0.544257
18,140,0.671562
18,141,0.702443
18,142,0.648166
18,143,0.588400
18,144,0.736499
18,145,0.718703
18,146,0.650620
18,147,0.598138
18,148,0.623893
18,149,0.650161
18,150,0.579016
19,1,0.104672
19,2,0.165801
19,3,0.174580
19,4,0.186710
19,5,0.112026
19,6,0.046811
19,7,0.170539
19,8,0.118086
19,9,0.227580
19,10,0.155253
19,11,0.054663
19,12,0.140432
19,13,0.177409
19,14,0.244461
19,15,0.078583
19,16,0.090373
19,17,0.073338
19,18,0.103716
19,20,0.089264
19,21,0.071967
19,22,0.091469
19,23,0.186710
19,24,0.113790
